211 -669 195 -116 -721 -243
222 -632 191 -109 -691 -208
193 -585 179 -108 -690 -196
211 -581 174 -135 -623 -183
202 -640 148 -92 -681 -206
215 -559 155 -104 -683 -221
233 -628 109 -127 -626 -206
243 -622 121 -128 -604 -202
218 -618 42 -135 -645 -204
277 -700 7 -210 -635 -207
377 -677 14 -263 -633 -193
380 -670 2 -278 -639 -186
379 -651 -13 -289 -644 -180
314 -613 -101 -314 -692 -104
296 -624 -104 -306 -694 -101
282 -626 -103 -301 -698 -100
301 -601 -73 -263 -694 -114
288 -664 -101 -248 -693 -130
272 -670 -103 -255 -698 -126
329 -680 -133 -257 -671 -105
332 -678 -140 -255 -668 -98
344 -671 -142 -257 -663 -91
345 -670 -147 -263 -664 -86
342 -669 -149 -271 -668 -81
347 -649 -150 -270 -667 -70
346 -651 -151 -273 -668 -67
341 -653 -153 -278 -673 -61
336 -652 -153 -281 -674 -54
334 -652 -154 -281 -674 -50
328 -654 -155 -284 -675 -49
320 -656 -153 -287 -676 -47
303 -672 -140 -287 -677 -48
291 -673 -133 -287 -677 -47
277 -676 -117 -287 -678 -47
266 -681 -108 -287 -677 -49
233 -698 -82 -287 -680 -54
234 -700 -83 -284 -678 -59
232 -702 -83 -281 -677 -66
230 -686 -79 -275 -678 -74
227 -681 -82 -272 -679 -79
225 -677 -86 -268 -678 -84
222 -678 -87 -266 -678 -85
220 -682 -92 -265 -679 -87
219 -686 -95 -264 -680 -87
219 -700 -104 -262 -679 -89
222 -694 -115 -261 -678 -93
223 -694 -120 -263 -679 -95
224 -695 -125 -264 -679 -94
223 -696 -131 -268 -679 -93
224 -697 -133 -272 -675 -89
224 -698 -141 -285 -676 -76
225 -697 -142 -288 -675 -70
224 -697 -139 -287 -676 -66
224 -695 -138 -287 -676 -65
224 -695 -133 -284 -677 -64
223 -694 -132 -278 -682 -63
223 -694 -129 -276 -683 -62
222 -694 -124 -275 -684 -60
222 -693 -122 -274 -683 -59
223 -693 -122 -272 -683 -60
222 -693 -120 -271 -683 -59
222 -694 -120 -270 -683 -60
223 -694 -120 -270 -682 -60
224 -695 -121 -270 -680 -61
224 -695 -121 -269 -678 -63
224 -697 -121 -270 -678 -64
225 -698 -124 -268 -676 -66
225 -700 -126 -268 -676 -68
224 -701 -127 -269 -676 -68
223 -701 -130 -269 -675 -70
223 -701 -131 -269 -675 -70
223 -701 -134 -269 -674 -71
222 -703 -135 -270 -675 -71
222 -701 -137 -270 -675 -71
221 -701 -140 -270 -676 -70
220 -699 -141 -271 -676 -67
219 -699 -142 -272 -676 -65
217 -700 -143 -275 -679 -58
216 -699 -143 -277 -677 -49
214 -698 -144 -278 -676 -48
213 -698 -144 -278 -676 -46
213 -697 -144 -278 -676 -46
212 -699 -143 -280 -675 -45
212 -699 -143 -280 -675 -45
212 -699 -143 -281 -675 -45
212 -699 -143 -280 -676 -45
213 -699 -143 -281 -675 -46
212 -699 -143 -279 -673 -49
212 -697 -143 -278 -675 -51
212 -697 -143 -278 -675 -52
213 -697 -143 -278 -675 -52
213 -697 -143 -278 -675 -53
213 -698 -142 -278 -675 -54
211 -699 -142 -278 -675 -55
212 -699 -141 -278 -675 -55
212 -699 -142 -278 -675 -56
211 -700 -141 -279 -674 -56
212 -700 -141 -278 -674 -57
212 -700 -141 -278 -674 -57
213 -700 -140 -277 -675 -56
213 -700 -140 -277 -674 -56
213 -699 -139 -279 -670 -56
214 -701 -139 -278 -671 -56
214 -700 -140 -280 -667 -56
215 -700 -139 -279 -667 -55
216 -699 -139 -279 -667 -55
215 -698 -138 -278 -670 -54
215 -697 -138 -279 -670 -53
216 -695 -138 -278 -669 -52
216 -694 -138 -281 -671 -53
217 -693 -138 -281 -671 -53
217 -691 -138 -282 -672 -52
218 -688 -138 -281 -672 -50
216 -681 -134 -285 -673 -46
235 -694 -97 -277 -676 -43
244 -692 -90 -274 -669 -43
254 -691 -85 -267 -671 -46
280 -687 -74 -267 -674 -38
283 -687 -72 -268 -675 -34
287 -685 -72 -272 -674 -29
287 -681 -69 -276 -675 -22
291 -678 -69 -274 -677 -13
290 -677 -73 -273 -674 -8
288 -676 -69 -275 -678 -2
275 -677 -79 -276 -681 -3
245 -678 -101 -266 -692 -27
240 -658 -118 -260 -689 -38
235 -657 -120 -260 -685 -69
230 -658 -127 -253 -687 -69
227 -659 -139 -249 -680 -96
226 -659 -149 -242 -670 -111
227 -658 -154 -245 -666 -123
230 -656 -156 -244 -663 -134
230 -657 -158 -242 -661 -131
231 -660 -163 -241 -659 -127
237 -659 -170 -242 -664 -122
240 -662 -170 -269 -679 -87
240 -661 -167 -270 -678 -74
241 -662 -164 -274 -679 -63
242 -663 -161 -276 -682 -52
240 -667 -160 -278 -686 -13
236 -667 -163 -276 -686 -5
235 -666 -166 -274 -685 -2
221 -662 -190 -265 -686 20
214 -661 -199 -263 -686 25
210 -661 -206 -257 -687 31
205 -659 -211 -257 -689 35
186 -653 -231 -259 -689 23
182 -653 -227 -263 -688 18
183 -652 -218 -265 -687 13
188 -656 -207 -267 -687 7
190 -659 -201 -269 -684 0
201 -660 -187 -270 -682 -6
208 -666 -177 -270 -680 -13
212 -670 -170 -270 -680 -18
218 -675 -165 -273 -691 -29
230 -681 -151 -269 -672 -27
233 -684 -147 -272 -671 -29
237 -687 -141 -275 -671 -32
248 -684 -129 -274 -669 -31
250 -682 -129 -274 -667 -32
250 -679 -123 -279 -665 -35
253 -683 -108 -280 -664 -33
254 -679 -101 -284 -662 -29
257 -679 -86 -288 -661 -29
254 -682 -83 -287 -664 -25
256 -682 -59 -289 -667 -24
259 -683 -51 -287 -668 -23
256 -687 -37 -283 -673 -11
255 -688 -29 -281 -670 -4
252 -689 -27 -279 -668 1
251 -687 -27 -275 -659 14
248 -705 -34 -274 -662 5
246 -704 -38 -271 -665 24
245 -704 -45 -271 -664 22
241 -704 -53 -270 -651 22
237 -706 -64 -267 -650 18
234 -690 -75 -264 -649 15
230 -689 -89 -262 -650 9
226 -690 -101 -262 -646 6
222 -690 -137 -264 -652 -10
224 -690 -140 -260 -660 -16
227 -684 -147 -262 -672 -14
227 -683 -148 -258 -674 -15
232 -681 -148 -265 -680 -8
234 -673 -146 -257 -682 -4
236 -667 -146 -251 -683 2
228 -663 -148 -248 -691 19
228 -665 -152 -244 -698 22
226 -663 -158 -237 -700 48
224 -658 -163 -233 -661 55
227 -653 -170 -232 -656 71
225 -649 -175 -226 -653 71
228 -647 -181 -220 -650 69
226 -646 -183 -224 -643 85
231 -642 -188 -217 -639 85
232 -640 -190 -218 -636 93
237 -647 -180 -205 -638 86
244 -651 -171 -201 -637 91
263 -642 -158 -184 -630 132
265 -644 -157 -181 -575 150
272 -644 -152 -176 -577 149
281 -644 -156 -166 -660 163
293 -642 -153 -163 -659 163
312 -633 -145 -152 -643 151
311 -619 -141 -154 -644 153
309 -616 -138 -154 -591 144
306 -598 -131 -158 -602 126
301 -585 -112 -165 -642 120
288 -586 -107 -176 -642 112
282 -585 -102 -194 -644 95
281 -582 -100 -189 -646 72
272 -580 -98 -200 -646 75
277 -580 -99 -210 -650 70
269 -579 -96 -242 -652 67
272 -578 -97 -230 -651 14
262 -580 -95 -245 -651 9
268 -581 -91 -250 -649 -1
262 -583 -94 -256 -643 -9
256 -580 -89 -260 -626 -31
261 -581 -92 -267 -620 -36
257 -584 -90 -271 -613 -42
244 -589 -90 -273 -601 -54
242 -590 -92 -273 -598 -55
242 -592 -96 -276 -599 -55
236 -595 -100 -280 -600 -57
223 -597 -105 -292 -600 -56
217 -601 -109 -291 -601 -59
215 -602 -112 -292 -614 -63
218 -606 -118 -294 -618 -64
215 -610 -120 -297 -631 -69
214 -613 -122 -298 -641 -72
213 -618 -120 -303 -646 -61
210 -623 -121 -297 -641 -47
206 -626 -122 -294 -639 -42
205 -626 -124 -293 -639 -41
204 -628 -125 -292 -640 -40
204 -627 -125 -293 -641 -39
204 -627 -126 -293 -641 -38
205 -625 -126 -294 -641 -36
206 -623 -128 -293 -641 -35
206 -623 -130 -293 -641 -35
206 -622 -131 -293 -642 -35
206 -622 -131 -293 -643 -34
207 -622 -131 -293 -644 -34
208 -622 -131 -293 -644 -33
209 -623 -130 -292 -645 -32
209 -624 -131 -293 -646 -31
211 -624 -129 -290 -646 -30
212 -626 -129 -289 -646 -30
214 -627 -125 -286 -647 -28
218 -627 -123 -283 -647 -26
219 -627 -122 -285 -647 -25
219 -627 -121 -286 -648 -25
220 -627 -121 -277 -635 -28
221 -627 -120 -277 -625 -24
220 -628 -120 -276 -624 -24
219 -629 -122 -275 -632 -26
220 -629 -122 -274 -629 -26
219 -629 -124 -274 -630 -26
219 -630 -124 -275 -629 -25
221 -631 -126 -273 -629 -25
221 -631 -127 -274 -629 -24
221 -631 -128 -277 -651 -25
223 -631 -128 -274 -632 -21
222 -632 -129 -274 -635 -22
221 -632 -130 -273 -629 -20
222 -632 -130 -273 -628 -20
223 -632 -131 -270 -630 -21
223 -633 -132 -271 -628 -20
222 -633 -132 -275 -652 -24
222 -633 -133 -273 -651 -24
221 -632 -133 -274 -651 -24
221 -631 -134 -273 -651 -25
221 -631 -134 -273 -651 -25
222 -632 -134 -272 -651 -26
221 -632 -135 -271 -651 -27
220 -632 -135 -271 -651 -27
221 -632 -136 -266 -631 -24
221 -631 -136 -266 -637 -26
221 -631 -136 -266 -638 -26
222 -629 -135 -265 -634 -26
222 -628 -135 -266 -629 -24
221 -628 -135 -271 -654 -28
221 -628 -135 -264 -636 -28
221 -627 -136 -264 -640 -30
221 -627 -135 -264 -640 -30
221 -626 -136 -264 -643 -33
221 -626 -135 -264 -644 -33
220 -626 -136 -264 -645 -34
222 -625 -136 -264 -651 -35
222 -625 -136 -265 -653 -35
222 -626 -137 -265 -654 -36
223 -626 -137 -268 -655 -35
222 -626 -137 -268 -653 -34
224 -626 -138 -267 -656 -35
223 -626 -138 -269 -662 -35
224 -625 -138 -268 -662 -36
225 -625 -138 -267 -661 -35
226 -625 -139 -267 -661 -36
228 -622 -138 -265 -661 -36
228 -622 -138 -265 -662 -36
228 -622 -138 -265 -662 -36
229 -622 -139 -265 -662 -37
230 -622 -138 -264 -663 -37
230 -624 -139 -265 -665 -37
230 -625 -139 -264 -666 -37
230 -626 -138 -264 -666 -37
231 -626 -138 -263 -666 -36
229 -626 -138 -263 -664 -36
229 -626 -138 -263 -662 -36
230 -626 -138 -262 -661 -36
229 -625 -137 -263 -660 -35
230 -625 -137 -262 -660 -35
230 -625 -137 -261 -657 -34
229 -625 -136 -262 -657 -33
230 -625 -136 -261 -656 -34
230 -625 -135 -261 -657 -33
230 -625 -135 -261 -656 -33
229 -624 -135 -261 -653 -32
229 -623 -135 -261 -653 -32
229 -623 -135 -261 -651 -32
229 -623 -134 -262 -651 -31
229 -622 -135 -262 -651 -31
230 -623 -135 -260 -651 -32
230 -624 -135 -260 -652 -32
230 -624 -135 -260 -651 -31
230 -624 -134 -260 -650 -30
230 -624 -134 -265 -656 -25
230 -623 -134 -262 -655 -25
230 -624 -134 -262 -654 -23
231 -624 -133 -262 -654 -22
233 -624 -132 -260 -654 -23
235 -624 -131 -260 -654 -21
237 -619 -125 -260 -654 -18
238 -626 -126 -260 -653 -16
238 -628 -127 -259 -653 -15
239 -628 -127 -259 -653 -15
238 -628 -127 -259 -653 -13
239 -629 -127 -258 -654 -11
239 -628 -127 -259 -653 -9
240 -629 -127 -259 -653 -9
240 -632 -125 -255 -652 -9
241 -632 -124 -255 -651 -7
240 -633 -124 -256 -651 -6
240 -635 -125 -258 -650 -5
238 -635 -124 -256 -647 -7
237 -637 -124 -259 -648 -6
237 -637 -124 -255 -626 -4
237 -637 -123 -258 -645 -7
236 -636 -125 -258 -646 -8
237 -635 -125 -258 -646 -7
237 -635 -126 -259 -645 -7
236 -636 -125 -261 -645 -7
236 -636 -126 -259 -644 -10
235 -636 -125 -258 -643 -13
235 -636 -125 -255 -641 -18
235 -636 -125 -255 -641 -19
234 -636 -124 -255 -641 -19
235 -636 -124 -255 -640 -19
234 -637 -123 -256 -640 -18
234 -637 -123 -257 -641 -18
235 -637 -123 -257 -642 -18
235 -637 -122 -258 -642 -18
236 -637 -122 -258 -641 -18
235 -637 -122 -260 -641 -18
235 -637 -122 -260 -642 -18
234 -636 -121 -261 -644 -18
234 -636 -121 -261 -645 -18
234 -635 -121 -262 -646 -18
234 -635 -121 -262 -649 -16
234 -635 -121 -262 -650 -17
234 -635 -121 -263 -650 -16
235 -635 -121 -262 -631 -11
235 -635 -121 -262 -635 -11
233 -635 -121 -263 -638 -12
232 -634 -121 -266 -641 -10
231 -634 -121 -266 -643 -9
230 -634 -121 -268 -644 -9
230 -634 -121 -268 -646 -9
229 -634 -122 -268 -646 -10
225 -616 -117 -269 -649 -8
224 -615 -118 -270 -649 -8
224 -614 -119 -270 -653 -9
223 -633 -122 -270 -654 -9
222 -633 -123 -272 -654 -8
222 -633 -124 -272 -654 -9
223 -634 -125 -273 -654 -7
223 -634 -127 -274 -654 -8
221 -618 -122 -274 -654 -9
220 -635 -126 -273 -654 -8
221 -635 -127 -272 -656 -10
222 -632 -127 -272 -657 -10
222 -619 -123 -271 -658 -11
221 -621 -123 -271 -660 -11
221 -623 -122 -271 -662 -10
222 -619 -123 -271 -663 -11
224 -634 -126 -270 -664 -11
224 -635 -126 -271 -666 -11
222 -636 -125 -271 -666 -12
223 -636 -127 -271 -667 -12
224 -621 -121 -270 -667 -12
223 -637 -125 -270 -668 -13
224 -637 -125 -273 -683 -15
223 -637 -125 -272 -683 -16
223 -621 -122 -272 -683 -15
223 -623 -121 -272 -683 -15
224 -638 -124 -271 -682 -15
224 -637 -125 -272 -683 -16
225 -637 -126 -272 -683 -17
224 -637 -126 -271 -683 -18
225 -638 -126 -271 -683 -18
226 -639 -127 -271 -684 -19
227 -638 -128 -270 -684 -19
225 -638 -127 -270 -684 -19
227 -638 -128 -270 -685 -19
227 -639 -128 -270 -684 -20
228 -638 -129 -269 -683 -20
228 -637 -130 -269 -684 -20
229 -637 -130 -268 -684 -20
229 -636 -130 -269 -683 -20
230 -636 -131 -269 -683 -20
226 -636 -127 -268 -683 -21
227 -621 -124 -269 -684 -21
227 -622 -123 -268 -684 -20
228 -637 -128 -268 -684 -20
230 -637 -128 -267 -684 -20
229 -637 -128 -267 -684 -20
230 -637 -128 -267 -684 -20
230 -637 -130 -267 -684 -21
229 -637 -129 -267 -684 -21
229 -621 -125 -267 -684 -21
228 -637 -130 -267 -684 -21
227 -621 -127 -267 -684 -22
226 -637 -132 -267 -684 -22
227 -637 -132 -267 -684 -22
227 -637 -132 -267 -683 -22
228 -620 -127 -267 -683 -22
227 -621 -126 -267 -682 -22
228 -638 -131 -267 -682 -22
228 -638 -131 -267 -682 -22
228 -637 -134 -267 -682 -24
225 -623 -127 -267 -681 -25
206 -663 -117 -266 -664 -24
224 -637 -139 -267 -664 -24
223 -620 -133 -267 -664 -25
221 -621 -133 -267 -664 -25
221 -636 -137 -267 -664 -25
221 -621 -134 -267 -663 -25
220 -624 -134 -267 -663 -25
221 -636 -137 -268 -663 -25
221 -623 -134 -269 -663 -25
222 -621 -134 -269 -664 -24
223 -636 -137 -270 -663 -23
222 -636 -136 -271 -664 -23
223 -635 -136 -271 -664 -22
223 -637 -135 -271 -665 -22
223 -637 -134 -271 -665 -22
224 -637 -134 -271 -665 -22
224 -636 -134 -271 -662 -22
224 -636 -135 -272 -659 -23
222 -626 -127 -272 -660 -23
225 -625 -126 -269 -658 -23
224 -630 -124 -269 -657 -24
222 -634 -124 -269 -654 -24
218 -644 -122 -270 -654 -24
216 -663 -122 -267 -654 -25
213 -676 -124 -271 -656 -24
214 -678 -123 -271 -656 -22
219 -686 -121 -266 -657 -23
220 -696 -119 -269 -677 -25
223 -700 -120 -266 -675 -28
218 -703 -115 -271 -655 -29
220 -707 -116 -272 -673 -35
217 -708 -118 -274 -675 -40
210 -705 -123 -278 -677 -43
209 -696 -130 -285 -679 -44
211 -693 -135 -286 -680 -47
214 -685 -143 -288 -684 -47
212 -677 -153 -287 -673 -48
209 -675 -160 -287 -678 -53
206 -674 -184 -273 -692 -78
206 -677 -188 -268 -692 -83
204 -680 -198 -257 -690 -90
200 -681 -204 -252 -689 -93
202 -684 -213 -242 -702 -100
194 -631 -229 -206 -637 -54
179 -672 -245 -210 -682 -50
126 -663 -260 -246 -716 58
115 -659 -262 -251 -719 79
111 -658 -264 -250 -718 96
106 -604 -260 -243 -673 134
101 -605 -263 -244 -672 144
95 -606 -267 -244 -672 153
91 -611 -274 -242 -668 167
75 -611 -281 -236 -660 186
74 -610 -281 -231 -674 203
75 -597 -281 -231 -675 205
66 -608 -286 -231 -680 208
42 -670 -295 -250 -747 201
39 -671 -297 -239 -750 196
46 -613 -270 -186 -645 -13
44 -613 -271 -184 -639 -20
42 -616 -271 -183 -636 -22
26 -678 -275 -190 -718 -23
32 -620 -265 -180 -628 -29
29 -623 -265 -178 -639 -22
8 -688 -267 -195 -701 -23
6 -690 -268 -191 -712 -16
3 -690 -269 -190 -717 -14
-1 -691 -270 -187 -721 -14
-5 -690 -271 -186 -723 -12
-8 -689 -271 -179 -651 -52
-14 -686 -271 -181 -651 -50
-10 -617 -257 -186 -653 -46
-13 -619 -254 -186 -653 -46
-15 -618 -251 -163 -659 9
-18 -617 -247 -166 -659 12
-43 -682 -243 -171 -662 14
-15 -617 -240 -176 -681 57
12 -617 -235 -202 -708 64
26 -621 -241 -196 -715 56
48 -690 -245 -210 -682 152
79 -691 -248 -214 -668 115
111 -691 -239 -242 -674 83
126 -693 -233 -254 -695 50
144 -693 -228 -264 -701 40
161 -692 -220 -278 -697 8
185 -696 -210 -289 -693 -9
202 -698 -202 -304 -701 -45
214 -695 -191 -309 -696 -62
236 -686 -180 -313 -690 -100
255 -680 -173 -316 -690 -121
288 -671 -150 -313 -691 -165
300 -670 -136 -307 -692 -189
326 -653 -95 -296 -691 -224
340 -667 -65 -273 -686 -259
349 -663 -17 -255 -680 -282
354 -665 12 -241 -674 -302
356 -683 48 -211 -659 -331
358 -683 99 -186 -650 -343
346 -686 124 -156 -639 -352
339 -694 157 -122 -644 -364
332 -690 180 -101 -633 -361
322 -684 192 -82 -628 -353
318 -680 193 -66 -627 -343
315 -676 195 -49 -624 -324
304 -677 181 -44 -624 -313
296 -682 157 -43 -628 -300
293 -684 130 -47 -629 -282
291 -691 99 -70 -616 -260
295 -696 70 -86 -622 -249
293 -704 17 -132 -637 -236
292 -690 -18 -141 -643 -234
286 -691 -56 -177 -662 -226
281 -685 -97 -201 -660 -217
257 -672 -221 -305 -670 -158
244 -674 -253 -337 -669 -120
238 -672 -265 -342 -660 -89
226 -672 -283 -355 -657 -54
170 -679 -316 -362 -657 64
153 -679 -319 -352 -670 111
131 -680 -321 -342 -676 127
102 -680 -317 -319 -698 174
73 -681 -310 -289 -694 197
54 -681 -305 -259 -698 227
-35 -653 -239 -177 -676 257
-41 -648 -228 -169 -670 254
-45 -597 -207 -156 -664 248
-36 -653 -219 -156 -664 248
-36 -653 -220 -156 -664 248
-47 -673 -219 -156 -664 248
-41 -595 -225 -156 -664 248
-50 -685 -222 -156 -664 247
-43 -691 -222 -156 -664 248
-32 -684 -216 -157 -664 248
-30 -687 -218 -156 -664 247
-21 -685 -221 -156 -664 248
-18 -685 -222 -156 -664 248
-1 -604 -230 -156 -663 248
-6 -672 -228 -173 -706 270
18 -663 -221 -168 -703 275
44 -684 -230 -156 -682 232
49 -679 -234 -161 -679 234
48 -676 -237 -178 -650 226
56 -672 -238 -192 -687 195
69 -671 -241 -202 -721 182
87 -661 -234 -218 -717 169
120 -650 -221 -234 -705 143
146 -668 -222 -293 -687 46
158 -676 -220 -302 -689 24
175 -685 -207 -310 -686 -11
195 -693 -187 -322 -672 -81
227 -709 -125 -246 -667 -142
221 -706 -98 -250 -671 -136
217 -707 -89 -256 -644 -116
215 -707 -83 -261 -641 -111
213 -707 -81 -263 -660 -106
209 -701 -76 -270 -672 -99
207 -701 -77 -273 -694 -97
205 -699 -83 -279 -696 -95
203 -700 -91 -283 -697 -94
199 -700 -103 -284 -698 -93
196 -699 -111 -292 -672 -96
194 -700 -118 -294 -671 -96
191 -695 -125 -292 -672 -97
191 -698 -127 -292 -672 -97
192 -695 -126 -299 -671 -96
196 -696 -126 -300 -670 -95
199 -698 -124 -293 -669 -97
206 -697 -120 -286 -669 -98
204 -705 -116 -284 -669 -100
203 -704 -106 -277 -667 -103
210 -706 -99 -269 -665 -103
213 -707 -97 -266 -663 -103
214 -703 -92 -266 -654 -101
216 -704 -90 -271 -684 -105
208 -702 -89 -268 -688 -106
221 -700 -89 -255 -689 -105
223 -702 -94 -255 -694 -107
219 -684 -100 -251 -694 -106
220 -683 -105 -250 -694 -107
212 -683 -118 -248 -697 -109
209 -679 -125 -247 -698 -110
209 -677 -130 -246 -696 -112
214 -677 -136 -239 -693 -112
209 -674 -142 -240 -693 -113
198 -680 -149 -242 -692 -116
204 -678 -151 -243 -694 -116
205 -677 -155 -242 -696 -119
204 -673 -158 -240 -695 -121
200 -670 -161 -249 -694 -126
203 -670 -164 -246 -697 -131
208 -669 -167 -239 -690 -134
213 -666 -176 -249 -695 -140
212 -670 -179 -250 -693 -140
214 -666 -181 -252 -692 -138
209 -666 -184 -253 -693 -139
211 -666 -185 -257 -695 -134
211 -665 -185 -260 -695 -127
222 -660 -184 -254 -692 -121
224 -660 -184 -256 -692 -117
227 -663 -183 -257 -694 -111
228 -662 -181 -258 -698 -106
230 -662 -181 -257 -697 -104
234 -659 -177 -257 -697 -98
237 -657 -168 -251 -697 -89
235 -652 -170 -247 -698 -89
233 -651 -169 -246 -697 -88
229 -650 -171 -246 -697 -88
231 -648 -172 -244 -695 -86
227 -647 -174 -242 -697 -82
223 -646 -174 -242 -695 -80
225 -646 -176 -240 -695 -80
227 -646 -179 -238 -691 -78
227 -645 -180 -239 -691 -78
228 -647 -181 -241 -698 -79
227 -644 -187 -238 -708 -72
231 -641 -188 -234 -708 -71
233 -642 -181 -232 -708 -69
234 -642 -178 -229 -707 -70
233 -642 -177 -228 -706 -71
231 -650 -174 -228 -707 -70
230 -651 -171 -226 -707 -70
231 -651 -171 -225 -707 -70
231 -651 -171 -224 -718 -71
229 -650 -170 -223 -717 -69
231 -637 -176 -222 -714 -61
231 -635 -176 -219 -720 -64
231 -633 -177 -257 -651 -34
230 -631 -180 -253 -639 -32
226 -628 -181 -254 -639 -31
224 -625 -181 -260 -636 -24
223 -621 -181 -262 -635 -17
220 -618 -184 -258 -605 -5
217 -616 -188 -257 -602 -1
216 -608 -189 -263 -630 -5
213 -606 -188 -267 -629 0
210 -602 -188 -268 -627 3
205 -598 -187 -268 -624 6
207 -580 -189 -267 -618 6
193 -577 -195 -266 -608 8
192 -566 -193 -264 -602 12
188 -557 -193 -262 -597 22
189 -558 -192 -261 -598 25
191 -559 -190 -262 -597 26
196 -562 -185 -259 -573 47
200 -564 -183 -258 -575 49
206 -568 -178 -258 -581 54
209 -572 -177 -257 -585 56
213 -574 -173 -256 -588 58
215 -575 -170 -256 -592 62
217 -576 -168 -255 -598 66
216 -580 -167 -255 -603 72
207 -573 -158 -257 -605 76
229 -586 -153 -257 -607 79
228 -588 -154 -258 -608 82
229 -586 -154 -261 -608 88
233 -584 -150 -262 -606 95
249 -536 -146 -263 -607 104
257 -532 -141 -262 -606 104
259 -531 -139 -261 -603 106
253 -587 -135 -260 -603 106
251 -586 -136 -259 -603 106
262 -530 -136 -255 -602 109
261 -532 -136 -251 -602 114
251 -585 -132 -245 -597 119
253 -586 -130 -241 -620 112
255 -586 -128 -237 -625 112
254 -590 -125 -236 -628 120
253 -599 -124 -236 -604 127
244 -590 -123 -235 -604 127
245 -592 -125 -239 -612 127
241 -628 -126 -249 -618 133
241 -638 -128 -262 -616 134
243 -642 -130 -243 -672 109
244 -646 -130 -244 -676 110
244 -646 -130 -243 -679 108
244 -647 -130 -286 -647 125
245 -647 -130 -286 -646 127
247 -647 -130 -266 -652 112
249 -646 -131 -262 -646 113
251 -643 -130 -255 -624 120
262 -641 -127 -242 -657 112
276 -635 -120 -231 -646 117
282 -628 -111 -225 -639 122
290 -619 -98 -219 -635 129
296 -611 -77 -235 -611 171
296 -616 -77 -238 -618 171
289 -617 -76 -246 -621 176
288 -618 -76 -253 -623 183
287 -618 -76 -255 -626 181
285 -620 -77 -258 -624 178
284 -621 -79 -239 -614 140
283 -624 -80 -238 -614 140
281 -625 -80 -240 -615 121
280 -626 -80 -241 -616 119
281 -626 -77 -242 -615 118
281 -624 -75 -244 -614 117
281 -625 -74 -244 -613 115
280 -624 -71 -245 -612 113
280 -624 -69 -247 -612 112
279 -623 -67 -249 -612 111
278 -622 -65 -250 -614 110
275 -622 -60 -254 -613 110
277 -620 -59 -257 -642 107
277 -619 -57 -257 -642 106
278 -619 -55 -258 -642 103
279 -619 -53 -259 -644 101
279 -618 -52 -259 -645 99
280 -617 -52 -260 -644 97
278 -617 -52 -264 -644 95
279 -616 -52 -264 -643 94
277 -616 -50 -266 -643 91
275 -617 -50 -268 -642 89
276 -617 -49 -268 -643 87
277 -617 -48 -266 -643 85
276 -617 -48 -279 -642 87
276 -618 -48 -274 -643 81
276 -618 -47 -274 -642 80
276 -618 -46 -274 -642 79
277 -618 -45 -274 -642 78
279 -617 -43 -274 -641 78
280 -618 -43 -273 -641 77
280 -618 -43 -274 -640 77
280 -618 -43 -274 -640 76
279 -618 -43 -286 -638 78
279 -618 -43 -280 -639 73
279 -619 -42 -279 -640 70
277 -619 -41 -280 -640 69
276 -619 -42 -279 -639 68
277 -619 -41 -278 -639 67
277 -619 -41 -278 -639 67
276 -620 -41 -278 -639 65
275 -620 -41 -279 -640 65
275 -619 -41 -279 -639 66
275 -619 -41 -279 -638 66
274 -619 -42 -279 -639 65
275 -619 -42 -279 -639 65
274 -620 -41 -280 -640 66
275 -620 -41 -280 -640 67
276 -619 -41 -299 -635 79
279 -618 -40 -282 -640 73
281 -618 -40 -277 -640 73
282 -612 -39 -269 -640 73
283 -613 -40 -268 -641 74
284 -613 -41 -265 -640 76
285 -613 -42 -263 -640 78
285 -612 -44 -262 -640 82
286 -612 -47 -263 -641 84
286 -611 -49 -261 -639 86
285 -610 -51 -256 -640 89
288 -610 -55 -254 -639 89
294 -613 -59 -254 -640 88
297 -611 -60 -251 -638 92
293 -612 -61 -250 -639 89
291 -613 -63 -244 -615 87
295 -616 -76 -248 -617 88
294 -614 -82 -245 -620 87
290 -614 -75 -262 -622 114
287 -611 -72 -268 -639 119
284 -611 -71 -227 -660 84
274 -614 -68 -233 -633 88
277 -611 -65 -240 -631 91
294 -612 -64 -245 -629 95
284 -616 -61 -248 -619 108
280 -618 -60 -252 -621 111
267 -619 -56 -255 -621 118
269 -621 -55 -252 -622 122
261 -620 -52 -254 -612 134
262 -618 -53 -253 -612 135
260 -618 -52 -257 -611 136
253 -616 -50 -262 -606 141
249 -615 -51 -264 -607 142
249 -616 -53 -269 -608 141
251 -618 -59 -271 -607 140
249 -618 -61 -272 -607 139
249 -618 -62 -275 -606 138
248 -619 -63 -277 -608 137
247 -618 -65 -279 -609 136
247 -619 -67 -280 -610 134
243 -619 -69 -281 -610 131
243 -621 -72 -284 -609 128
241 -622 -73 -289 -611 127
242 -625 -73 -290 -612 124
246 -626 -79 -283 -616 117
245 -626 -80 -283 -617 114
249 -627 -90 -288 -616 101
257 -628 -102 -280 -632 80
263 -630 -107 -276 -633 75
251 -633 -113 -278 -633 72
249 -632 -120 -274 -630 71
245 -632 -134 -274 -630 67
236 -630 -144 -276 -633 63
231 -639 -149 -282 -634 61
228 -658 -162 -285 -632 62
227 -665 -173 -303 -654 67
229 -670 -182 -310 -658 69
235 -678 -189 -312 -660 67
240 -681 -193 -328 -670 67
243 -680 -194 -341 -695 69
244 -683 -195 -346 -702 68
246 -685 -197 -344 -696 65
240 -687 -197 -340 -696 52
231 -689 -197 -328 -696 29
219 -685 -197 -311 -696 -1
195 -679 -197 -291 -691 -24
185 -672 -194 -270 -677 -55
178 -668 -193 -268 -673 -62
165 -634 -195 -263 -667 -79
168 -633 -197 -252 -643 -97
166 -665 -199 -248 -651 -111
187 -684 -204 -261 -680 -98
198 -689 -199 -263 -684 -93
204 -691 -195 -266 -689 -80
227 -698 -134 -282 -701 -39
228 -691 -124 -281 -705 -35
223 -688 -116 -277 -713 -36
222 -692 -111 -279 -711 -39
232 -696 -110 -268 -704 -76
227 -698 -111 -272 -704 -87
224 -697 -112 -274 -702 -99
224 -695 -112 -269 -705 -108
219 -706 -114 -270 -705 -119
222 -706 -114 -257 -702 -136
220 -709 -115 -257 -701 -144
223 -709 -114 -253 -700 -151
220 -706 -111 -250 -699 -165
220 -711 -112 -243 -694 -171
220 -714 -109 -245 -704 -178
222 -713 -104 -236 -704 -187
231 -711 -95 -233 -702 -189
237 -698 -80 -226 -666 -190
239 -715 -63 -224 -663 -191
237 -709 -54 -229 -660 -192
241 -708 -45 -228 -658 -191
241 -715 -31 -230 -658 -191
240 -716 -22 -232 -656 -190
247 -706 -14 -231 -658 -189
249 -699 -8 -233 -660 -187
247 -678 -19 -266 -678 -162
244 -678 -26 -269 -672 -156
239 -677 -34 -271 -668 -148
231 -675 -57 -277 -669 -139
221 -675 -85 -280 -643 -120
210 -670 -127 -284 -658 -116
203 -664 -138 -284 -677 -126
182 -650 -171 -287 -633 -125
177 -639 -183 -284 -632 -137
143 -577 -233 -277 -585 -176
119 -540 -253 -272 -565 -194
48 -436 -293 -253 -461 -215
22 -384 -294 -210 -404 -254
9 -361 -284 -205 -396 -255
-7 -336 -278 -194 -387 -257
-39 -310 -271 -186 -380 -249
-95 -281 -268 -124 -297 -287
-98 -282 -262 -85 -263 -294
-109 -293 -253 -69 -266 -301
-111 -362 -261 -105 -357 -261
-103 -370 -260 -62 -344 -307
-116 -347 -278 -90 -388 -253
-131 -372 -280 -88 -388 -255
-132 -375 -279 -88 -387 -255
-132 -373 -280 -87 -387 -256
-131 -362 -277 -85 -383 -259
-133 -357 -281 -82 -381 -263
-121 -330 -279 -74 -378 -268
-124 -336 -288 -71 -377 -269
-139 -351 -279 -42 -385 -295
-80 -353 -254 -36 -372 -281
-75 -348 -257 -37 -371 -283
-72 -346 -257 -40 -365 -281
-68 -342 -258 -37 -358 -283
-71 -338 -258 -39 -350 -284
-72 -334 -259 -39 -347 -284
-71 -334 -261 -37 -352 -286
-73 -333 -264 -40 -350 -284
-100 -334 -283 -129 -350 -313
-85 -337 -283 -110 -337 -304
-82 -335 -281 -115 -350 -300
-76 -329 -272 -73 -315 -324
-54 -326 -253 -112 -349 -296
-99 -322 -295 -82 -322 -281
-51 -329 -253 -83 -325 -282
-50 -330 -253 -83 -328 -282
-49 -331 -254 -82 -330 -282
-48 -333 -256 -81 -330 -281
-47 -335 -261 -78 -331 -284
-47 -335 -260 -78 -331 -283
-48 -333 -264 -77 -331 -285
-49 -331 -266 -77 -331 -285
-51 -330 -267 -77 -330 -287
-52 -331 -267 -77 -331 -288
-54 -331 -268 -55 -309 -315
-56 -331 -269 -63 -330 -312
-57 -332 -268 -64 -334 -312
-58 -331 -268 -58 -333 -318
-59 -332 -267 -70 -332 -305
-59 -329 -267 -72 -331 -303
-55 -322 -265 -76 -330 -298
-51 -301 -273 -77 -326 -296
-52 -300 -276 -77 -326 -295
-51 -302 -280 -44 -288 -337
-52 -334 -307 -77 -322 -295
-56 -344 -312 -86 -327 -298
-59 -349 -310 -90 -343 -297
-56 -306 -290 -47 -302 -333
-65 -364 -292 -56 -352 -337
-64 -366 -288 -55 -353 -336
-67 -371 -281 -57 -355 -335
-70 -373 -276 -58 -357 -333
-70 -374 -273 -59 -356 -328
-71 -374 -271 -96 -365 -292
-72 -374 -268 -63 -347 -324
-77 -373 -263 -75 -376 -287
-77 -373 -263 -84 -372 -272
-77 -373 -262 -84 -373 -272
-83 -372 -256 -80 -386 -285
-77 -398 -254 -50 -371 -314
-76 -398 -255 -75 -380 -280
-89 -370 -254 -84 -374 -268
-92 -367 -254 -73 -377 -285
-75 -401 -255 -86 -373 -268
-74 -400 -255 -60 -357 -312
-90 -364 -258 -77 -382 -297
-91 -363 -257 -58 -371 -315
-93 -361 -256 -94 -364 -269
-92 -360 -257 -69 -361 -311
-73 -396 -256 -69 -359 -313
-88 -360 -259 -86 -362 -278
-64 -401 -253 -87 -364 -274
-85 -361 -260 -80 -365 -286
-63 -403 -255 -88 -366 -271
-62 -401 -256 -81 -371 -284
-84 -360 -263 -89 -364 -263
-60 -399 -253 -45 -336 -304
-61 -397 -252 -44 -338 -304
-60 -396 -251 -44 -340 -304
-60 -396 -251 -43 -342 -304
-58 -396 -250 -42 -344 -304
-64 -403 -235 -41 -350 -303
-56 -428 -241 -45 -354 -298
-58 -417 -232 -45 -355 -297
-58 -418 -232 -43 -358 -300
-52 -443 -239 -89 -369 -262
-63 -415 -228 -35 -370 -313
-64 -417 -228 -87 -378 -260
-64 -419 -229 -88 -378 -261
-68 -428 -218 -87 -379 -262
-67 -427 -228 -88 -382 -264
-68 -428 -229 -89 -384 -265
-69 -429 -222 -94 -388 -266
-69 -430 -222 -104 -398 -270
-69 -433 -223 -111 -411 -274
-152 -411 -237 -115 -420 -275
-135 -416 -242 -120 -434 -267
-135 -425 -245 -165 -460 -210
-105 -453 -254 -146 -480 -262
-122 -447 -257 -147 -480 -261
-123 -454 -251 -144 -480 -257
-123 -461 -251 -168 -454 -203
-107 -484 -278 -159 -473 -234
-109 -484 -273 -154 -471 -232
-110 -484 -269 -148 -467 -232
-66 -469 -259 -146 -465 -232
-65 -471 -263 -145 -456 -221
-59 -415 -252 -139 -397 -207
-58 -484 -268 -142 -454 -220
-161 -410 -214 -138 -450 -223
-163 -408 -212 -127 -426 -235
-166 -400 -216 -136 -419 -240
-176 -372 -210 -167 -337 -248
-177 -364 -211 -154 -336 -273
-152 -321 -208 -116 -304 -275
-46 -354 -198 -111 -317 -276
-46 -351 -198 -68 -311 -281
-74 -315 -189 -144 -273 -297
-74 -313 -188 -106 -276 -279
-75 -309 -185 -104 -276 -281
-134 -288 -187 -103 -276 -280
-132 -284 -185 -62 -294 -271
-131 -284 -185 -130 -238 -294
-131 -275 -183 -54 -295 -266
-135 -251 -157 -137 -280 -216
-129 -283 -185 -136 -282 -216
-46 -343 -228 -137 -281 -216
-46 -343 -227 -187 -232 -277
-75 -332 -225 -184 -251 -276
-27 -383 -251 -197 -378 -212
-20 -385 -249 -189 -394 -238
-26 -414 -248 -188 -434 -246
-41 -423 -257 -186 -435 -245
-27 -455 -242 -182 -440 -243
-36 -468 -242 -176 -444 -240
-96 -453 -228 -132 -453 -222
-102 -454 -233 -134 -451 -223
-104 -453 -236 -159 -443 -210
-105 -452 -239 -162 -444 -210
-82 -446 -237 -168 -450 -221
-79 -446 -237 -154 -470 -254
-70 -441 -240 -158 -479 -225
-51 -463 -261 -159 -480 -226
-53 -458 -261 -158 -480 -226
-52 -445 -262 -158 -480 -226
-109 -431 -249 -157 -480 -227
-109 -431 -248 -157 -479 -227
-68 -430 -238 -155 -479 -228
-68 -430 -237 -155 -479 -228
-98 -435 -245 -152 -482 -225
-57 -451 -250 -152 -483 -225
-58 -452 -251 -152 -483 -224
-58 -453 -253 -149 -482 -224
-57 -452 -234 -135 -470 -213
-1 -475 -272 -128 -485 -226
-4 -461 -272 -128 -486 -226
-23 -432 -282 -127 -483 -223
-73 -444 -244 -128 -481 -218
-72 -443 -246 -127 -480 -222
-70 -441 -248 -126 -482 -224
-72 -443 -248 -127 -488 -226
-73 -444 -248 -126 -489 -227
-75 -445 -248 -127 -489 -227
-76 -445 -247 -143 -450 -183
-112 -450 -263 -127 -489 -226
-115 -451 -257 -128 -489 -226
-115 -453 -259 -129 -491 -227
-111 -460 -264 -128 -490 -229
-111 -463 -265 -128 -490 -230
-112 -462 -264 -102 -454 -245
-120 -456 -258 -102 -454 -245
-121 -454 -256 -102 -456 -248
-123 -451 -254 -101 -456 -249
-121 -452 -255 -100 -456 -249
-121 -451 -255 -101 -457 -250
-120 -450 -254 -104 -456 -249
-122 -449 -255 -119 -441 -221
-123 -448 -255 -104 -438 -250
-122 -446 -256 -104 -437 -250
-121 -445 -256 -93 -452 -274
-119 -445 -257 -103 -436 -251
-118 -445 -257 -112 -434 -234
-116 -445 -259 -106 -430 -241
-116 -444 -259 -115 -435 -225
-116 -443 -259 -97 -449 -251
-113 -439 -266 -96 -447 -251
-72 -433 -250 -67 -420 -252
-67 -431 -250 -67 -420 -252
-66 -430 -251 -67 -420 -253
-64 -431 -251 -66 -419 -253
-66 -431 -252 -70 -420 -253
-66 -432 -252 -71 -421 -255
-112 -428 -265 -77 -427 -258
-114 -434 -264 -119 -480 -233
-87 -439 -248 -88 -439 -255
-112 -440 -268 -122 -484 -236
-112 -436 -267 -95 -429 -263
-112 -433 -270 -93 -427 -266
-112 -431 -268 -92 -427 -267
-112 -429 -268 -92 -428 -268
-112 -429 -268 -94 -428 -267
-110 -427 -269 -94 -428 -269
-109 -426 -270 -94 -428 -269
-97 -439 -258 -92 -428 -269
-97 -440 -258 -92 -429 -270
-95 -441 -257 -86 -435 -276
-96 -441 -258 -89 -429 -271
-97 -443 -257 -139 -497 -233
-93 -447 -257 -138 -493 -232
-90 -450 -259 -138 -494 -233
-88 -453 -258 -138 -494 -232
-85 -458 -260 -147 -469 -203
-100 -455 -263 -147 -468 -203
-100 -457 -262 -147 -468 -205
-100 -466 -266 -146 -468 -205
-101 -466 -267 -146 -467 -207
-102 -467 -267 -146 -467 -207
-104 -469 -267 -147 -467 -207
-106 -470 -267 -147 -467 -208
-107 -470 -267 -148 -467 -209
-107 -470 -267 -148 -467 -209
-106 -469 -267 -148 -467 -208
-107 -469 -268 -149 -466 -208
-107 -468 -268 -149 -466 -206
-106 -467 -269 -150 -466 -205
-108 -467 -270 -152 -467 -204
-109 -464 -269 -154 -465 -199
-107 -458 -258 -153 -465 -199
-97 -461 -262 -153 -465 -200
-104 -457 -257 -155 -462 -196
-90 -462 -260 -152 -491 -264
-101 -462 -259 -152 -488 -263
-76 -462 -257 -151 -487 -262
-99 -463 -259 -151 -487 -261
-99 -463 -259 -151 -486 -259
-78 -464 -258 -150 -486 -258
-78 -464 -257 -150 -488 -257
-35 -452 -263 -149 -486 -256
-80 -457 -251 -143 -487 -254
-83 -457 -251 -151 -453 -216
-90 -458 -252 -152 -452 -214
-92 -456 -255 -152 -450 -213
-89 -450 -262 -150 -451 -208
-89 -448 -260 -142 -471 -230
-87 -444 -257 -141 -472 -230
-53 -440 -247 -140 -473 -229
-79 -437 -261 -138 -475 -231
-76 -434 -262 -138 -478 -228
-113 -406 -253 -138 -481 -228
-115 -406 -248 -137 -480 -228
-115 -419 -237 -107 -454 -255
-116 -420 -240 -129 -473 -234
-117 -420 -242 -128 -474 -233
-120 -422 -247 -130 -478 -233
-118 -421 -256 -130 -480 -234
-106 -423 -278 -131 -484 -233
-119 -425 -253 -133 -487 -232
-120 -425 -251 -133 -488 -232
-121 -426 -248 -134 -488 -232
-122 -425 -247 -135 -489 -231
-121 -425 -246 -135 -489 -231
-122 -426 -245 -135 -488 -231
-123 -430 -250 -135 -488 -231
-121 -432 -254 -127 -448 -231
-122 -432 -250 -103 -438 -256
-123 -431 -250 -101 -431 -262
-124 -431 -249 -102 -430 -262
-122 -432 -248 -101 -430 -263
-122 -431 -244 -119 -456 -257
-122 -432 -243 -118 -457 -259
-122 -432 -243 -119 -459 -259
-123 -434 -243 -117 -457 -261
-123 -436 -244 -115 -456 -262
-120 -437 -244 -129 -442 -235
-124 -439 -245 -118 -453 -262
-123 -440 -244 -118 -459 -261
-122 -442 -245 -128 -446 -239
-121 -443 -245 -129 -444 -241
-122 -444 -245 -123 -460 -261
-121 -444 -245 -123 -460 -260
-103 -449 -243 -132 -474 -254
-120 -442 -246 -132 -471 -256
-119 -443 -246 -132 -469 -257
-118 -443 -245 -131 -470 -257
-118 -444 -244 -123 -451 -261
-119 -444 -240 -122 -451 -263
-118 -443 -241 -122 -450 -264
-118 -443 -240 -123 -450 -263
-117 -443 -240 -122 -449 -263
-121 -443 -241 -122 -449 -262
-121 -440 -243 -128 -459 -256
-123 -439 -244 -113 -435 -264
-125 -435 -243 -107 -430 -266
-124 -432 -243 -100 -428 -267
-124 -430 -245 -144 -488 -219
-123 -430 -246 -96 -424 -265
-123 -427 -244 -96 -423 -265
-124 -425 -243 -97 -423 -263
-123 -424 -243 -96 -423 -262
-126 -426 -245 -95 -423 -261
-126 -427 -246 -136 -493 -210
-126 -427 -249 -97 -434 -262
-126 -428 -249 -134 -486 -222
-129 -430 -251 -134 -486 -222
-128 -431 -252 -123 -473 -231
-127 -431 -252 -127 -477 -231
-128 -431 -252 -129 -477 -232
-128 -433 -252 -109 -455 -264
-127 -433 -252 -115 -440 -248
-127 -434 -252 -106 -453 -267
-128 -436 -253 -112 -443 -254
-129 -436 -252 -106 -454 -269
-128 -436 -252 -112 -442 -254
-127 -438 -252 -106 -452 -269
-128 -438 -253 -106 -452 -270
-125 -441 -258 -106 -452 -271
-123 -444 -260 -107 -453 -271
-122 -444 -259 -107 -452 -270
-123 -444 -260 -110 -455 -266
-122 -443 -259 -111 -456 -266
-121 -443 -259 -112 -457 -266
-122 -445 -260 -113 -454 -267
-120 -447 -261 -140 -485 -236
-120 -448 -262 -154 -461 -205
-119 -454 -260 -155 -462 -203
-116 -462 -259 -154 -462 -203
-120 -470 -259 -154 -462 -203
-117 -473 -260 -155 -464 -204
-118 -476 -259 -155 -464 -204
-117 -476 -258 -149 -491 -230
-113 -479 -259 -102 -486 -271
-114 -481 -260 -123 -486 -253
-112 -481 -260 -111 -481 -260
-99 -480 -257 -111 -482 -260
-112 -480 -260 -111 -482 -262
-111 -479 -260 -109 -484 -264
-111 -477 -259 -108 -486 -270
-112 -476 -258 -109 -485 -270
-112 -474 -258 -115 -486 -265
-113 -472 -257 -118 -487 -263
-113 -469 -257 -116 -484 -263
-113 -467 -258 -117 -481 -268
-115 -468 -259 -121 -481 -269
-118 -468 -261 -120 -480 -271
-117 -468 -260 -119 -478 -272
-118 -468 -261 -119 -474 -271
-117 -467 -260 -120 -474 -271
-111 -472 -261 -121 -473 -270
-116 -470 -262 -121 -474 -263
-115 -470 -262 -121 -475 -261
-114 -470 -261 -121 -475 -259
-113 -472 -260 -121 -475 -259
-110 -475 -261 -119 -475 -261
-105 -482 -270 -159 -469 -194
-93 -481 -271 -149 -491 -220
-88 -479 -270 -147 -489 -220
-85 -477 -269 -145 -488 -218
-84 -472 -267 -145 -487 -218
-83 -472 -267 -155 -464 -189
-103 -482 -269 -154 -465 -188
-103 -479 -265 -152 -465 -188
-103 -477 -267 -152 -463 -188
-84 -468 -257 -152 -463 -187
-82 -468 -258 -151 -463 -187
-79 -465 -258 -150 -459 -188
-78 -464 -258 -140 -483 -216
-77 -462 -260 -139 -483 -217
-76 -462 -261 -137 -486 -220
-75 -461 -261 -137 -485 -220
-75 -461 -261 -138 -485 -220
-73 -460 -261 -137 -485 -219
-74 -458 -263 -138 -485 -219
-74 -458 -263 -137 -485 -219
-75 -457 -263 -132 -483 -223
-75 -456 -263 -133 -483 -222
-75 -454 -264 -133 -483 -221
-75 -452 -265 -134 -484 -220
-75 -451 -265 -133 -483 -220
-75 -452 -264 -133 -486 -215
-77 -464 -262 -145 -457 -182
-82 -468 -262 -147 -460 -182
-83 -471 -265 -147 -460 -182
-86 -472 -268 -148 -461 -183
-99 -466 -262 -136 -488 -220
-102 -469 -264 -138 -481 -221
-103 -467 -262 -140 -481 -221
-93 -452 -252 -140 -481 -220
-86 -439 -245 -135 -456 -194
-71 -419 -247 -131 -468 -219
-69 -414 -246 -131 -464 -221
-69 -414 -244 -130 -462 -223
-69 -413 -242 -129 -459 -225
-58 -393 -247 -129 -457 -225
-61 -395 -243 -128 -457 -226
-59 -389 -242 -128 -457 -226
-57 -384 -242 -128 -457 -226
-58 -380 -243 -127 -457 -226
-61 -378 -244 -127 -456 -227
-57 -375 -243 -126 -457 -227
-56 -375 -243 -126 -457 -226
-56 -375 -243 -127 -458 -226
-56 -376 -244 -125 -458 -224
-56 -376 -244 -124 -458 -222
-56 -376 -244 -124 -460 -221
-56 -377 -244 -125 -461 -220
-56 -378 -245 -125 -462 -219
-55 -381 -247 -124 -463 -218
-70 -389 -253 -123 -464 -218
-57 -389 -248 -123 -465 -218
-57 -391 -251 -123 -465 -218
-61 -396 -254 -123 -464 -218
-59 -403 -253 -123 -464 -218
-58 -407 -253 -122 -465 -216
-61 -422 -254 -134 -439 -181
-62 -435 -256 -131 -445 -188
-61 -445 -246 -137 -448 -184
-69 -454 -248 -142 -458 -203
-80 -461 -242 -145 -466 -211
-77 -465 -239 -149 -477 -220
-39 -476 -235 -163 -479 -216
-33 -476 -240 -166 -480 -217
-30 -475 -240 -170 -482 -218
-18 -474 -249 -173 -482 -217
-3 -463 -250 -173 -483 -217
0 -463 -255 -171 -498 -228
4 -462 -261 -171 -499 -226
7 -462 -259 -170 -503 -222
9 -461 -261 -170 -503 -221
10 -461 -261 -169 -503 -220
12 -460 -262 -165 -501 -220
11 -460 -263 -165 -500 -222
9 -460 -267 -162 -495 -224
8 -459 -264 -158 -487 -227
3 -456 -268 -157 -481 -230
2 -448 -262 -154 -476 -231
-3 -446 -272 -147 -463 -231
25 -448 -291 -137 -445 -231
2 -404 -295 -139 -432 -207
-63 -415 -252 -136 -426 -204
-78 -415 -244 -136 -417 -195
-81 -413 -240 -74 -398 -249
-80 -408 -240 -74 -398 -249
-78 -404 -238 -76 -395 -246
-74 -401 -236 -76 -395 -245
-73 -401 -235 -76 -394 -244
-68 -395 -231 -76 -393 -243
-68 -395 -231 -76 -393 -242
-32 -405 -226 -76 -392 -242
-91 -399 -206 -75 -392 -242
-92 -399 -205 -76 -391 -241
-68 -397 -232 -128 -396 -196
-69 -396 -231 -129 -396 -194
-69 -397 -231 -129 -397 -194
-63 -398 -235 -134 -392 -183
-62 -399 -237 -133 -392 -183
-61 -400 -238 -131 -393 -185
-56 -403 -239 -130 -393 -183
-56 -403 -240 -89 -389 -229
-56 -401 -240 -90 -394 -224
-56 -401 -240 -72 -390 -235
-57 -399 -241 -75 -379 -230
-57 -398 -242 -75 -376 -229
-58 -396 -243 -73 -381 -238
-62 -396 -245 -11 -394 -320
-62 -396 -246 -11 -394 -320
-62 -398 -247 -11 -394 -320
-65 -400 -248 -81 -394 -228
-106 -407 -286 -20 -396 -317
-86 -406 -250 -31 -387 -305
-79 -406 -247 -32 -386 -303
-82 -406 -247 -32 -386 -304
-82 -405 -247 -29 -384 -309
-83 -405 -248 -26 -384 -311
-83 -404 -250 -72 -397 -267
-81 -403 -253 -75 -394 -267
-86 -407 -258 -59 -414 -301
-79 -406 -259 -73 -399 -275
-78 -408 -260 -61 -416 -306
-74 -422 -264 -68 -421 -278
-73 -427 -266 -66 -430 -275
-71 -432 -267 -67 -439 -271
-70 -438 -267 -71 -465 -289
-61 -461 -268 -70 -474 -287
-61 -464 -267 -70 -476 -280
-53 -468 -262 -71 -488 -271
-51 -473 -260 -93 -472 -237
-49 -483 -254 -97 -480 -232
-59 -491 -257 -99 -483 -230
-61 -498 -252 -100 -485 -228
-58 -509 -249 -104 -484 -223
-58 -510 -250 -103 -486 -223
-58 -510 -248 -119 -491 -221
-138 -468 -219 -100 -492 -216
-137 -456 -221 -136 -467 -223
-143 -419 -207 -129 -463 -229
-111 -419 -217 -127 -455 -231
-171 -404 -219 -122 -444 -244
-108 -405 -222 -104 -432 -272
-106 -402 -222 -118 -417 -269
-153 -382 -216 -117 -416 -271
-124 -383 -224 -116 -414 -268
-121 -382 -225 -116 -412 -267
-119 -376 -229 -120 -406 -270
-115 -374 -229 -117 -406 -270
-111 -371 -231 -118 -403 -270
-99 -367 -228 -114 -402 -270
-91 -364 -227 -113 -400 -269
-89 -363 -226 -112 -400 -268
-85 -360 -223 -111 -395 -261
-151 -350 -229 -128 -397 -265
-147 -350 -228 -121 -395 -259
-146 -349 -229 -114 -392 -260
-143 -350 -229 -106 -391 -257
-137 -350 -231 -102 -391 -257
-131 -347 -233 -111 -384 -258
-128 -348 -236 -106 -384 -262
-127 -348 -238 -101 -385 -265
-113 -357 -240 -111 -400 -253
-124 -359 -225 -106 -401 -254
-103 -377 -205 -128 -423 -249
-77 -411 -213 -139 -451 -208
-96 -424 -216 -186 -551 -152
-93 -435 -210 -190 -551 -136
-86 -459 -221 -195 -547 -125
-65 -488 -253 -197 -534 -107
-59 -489 -251 -152 -523 -185
-52 -480 -241 -154 -526 -180
-66 -465 -238 -167 -535 -170
-74 -467 -237 -169 -534 -152
-85 -468 -233 -178 -535 -156
-91 -467 -231 -187 -539 -160
-99 -470 -230 -193 -542 -156
-107 -468 -227 -198 -543 -149
-115 -470 -222 -170 -516 -166
-123 -469 -214 -131 -466 -192
-147 -466 -201 -162 -463 -188
-154 -463 -197 -172 -472 -181
-165 -462 -191 -182 -471 -176
-174 -460 -188 -168 -472 -187
-167 -457 -156 -210 -477 -180
-178 -439 -143 -215 -479 -171
-180 -438 -141 -206 -479 -170
-181 -439 -140 -206 -476 -167
-162 -473 -142 -217 -481 -165
-164 -460 -136 -221 -478 -164
-165 -459 -134 -215 -480 -164
-167 -457 -132 -206 -485 -164
-163 -474 -137 -191 -462 -143
-161 -459 -134 -198 -477 -156
-166 -466 -133 -195 -477 -155
-166 -453 -133 -221 -480 -165
-171 -452 -131 -210 -486 -165
-172 -450 -132 -202 -488 -161
-174 -448 -133 -201 -470 -151
-175 -445 -135 -208 -458 -146
-177 -445 -135 -211 -459 -148
-180 -445 -136 -220 -470 -160
-182 -445 -136 -228 -468 -163
-178 -437 -152 -222 -441 -188
-183 -436 -156 -213 -425 -162
-186 -430 -159 -213 -423 -167
-178 -462 -171 -211 -420 -170
-180 -431 -175 -206 -423 -186
-179 -438 -179 -205 -423 -188
-181 -444 -185 -206 -425 -190
-181 -447 -185 -208 -430 -190
-180 -451 -181 -210 -435 -188
-179 -455 -181 -201 -469 -223
-177 -461 -178 -227 -497 -194
-178 -463 -179 -226 -500 -191
-214 -447 -160 -250 -496 -181
-211 -446 -148 -239 -498 -162
-227 -402 -157 -231 -499 -149
-196 -445 -138 -210 -467 -166
-180 -458 -139 -208 -463 -162
-179 -457 -139 -211 -452 -140
-178 -458 -137 -207 -453 -139
-176 -458 -135 -205 -449 -139
-175 -459 -133 -201 -446 -145
-174 -459 -133 -197 -456 -156
-271 -401 -125 -197 -445 -149
-175 -457 -134 -193 -450 -155
-171 -459 -133 -195 -449 -150
-170 -459 -134 -191 -449 -151
-270 -456 -129 -190 -448 -153
-179 -453 -142 -194 -454 -151
-191 -463 -141 -196 -452 -144
-224 -428 -139 -180 -496 -146
-212 -470 -129 -248 -491 -149
-210 -472 -129 -251 -486 -147
-208 -474 -128 -221 -485 -141
-207 -475 -128 -201 -491 -140
-205 -474 -128 -202 -482 -128
-202 -474 -128 -199 -489 -134
-204 -473 -127 -199 -494 -139
-174 -490 -136 -199 -497 -141
-204 -474 -129 -200 -502 -145
-174 -486 -135 -200 -502 -146
-174 -486 -135 -201 -502 -147
-172 -487 -136 -201 -480 -130
-173 -487 -137 -214 -503 -155
-170 -486 -138 -210 -490 -141
-169 -474 -135 -211 -491 -141
-164 -489 -139 -237 -500 -160
-166 -476 -135 -238 -501 -161
-166 -487 -140 -233 -503 -154
-164 -489 -143 -217 -492 -135
-162 -493 -146 -216 -496 -139
-161 -493 -150 -216 -497 -142
-174 -486 -150 -213 -496 -145
-190 -492 -148 -212 -497 -143
-184 -494 -149 -209 -501 -138
-184 -499 -148 -206 -511 -137
-185 -504 -146 -237 -535 -53
-185 -506 -141 -237 -545 -91
-182 -506 -138 -179 -522 -133
-181 -506 -138 -178 -522 -136
-181 -505 -138 -179 -521 -137
-181 -505 -138 -179 -521 -137
-180 -506 -141 -176 -517 -141
-178 -504 -150 -176 -515 -145
-178 -505 -150 -172 -513 -149
-179 -505 -151 -174 -513 -149
-180 -505 -152 -174 -511 -148
-181 -504 -151 -174 -510 -147
-180 -501 -151 -175 -509 -146
-181 -498 -150 -177 -504 -138
-183 -497 -148 -179 -503 -138
-187 -497 -148 -180 -502 -133
-188 -496 -147 -186 -499 -135
-189 -496 -147 -188 -499 -139
-161 -489 -154 -191 -498 -137
-184 -493 -145 -190 -498 -139
-156 -499 -155 -184 -498 -139
-173 -495 -142 -177 -499 -140
-174 -497 -140 -175 -500 -139
-173 -499 -139 -154 -500 -163
-201 -508 -129 -177 -516 -138
-177 -504 -134 -158 -517 -168
-148 -504 -150 -179 -522 -137
-199 -512 -128 -181 -525 -139
-175 -505 -139 -182 -524 -142
-184 -509 -136 -180 -524 -145
-191 -510 -143 -249 -523 -89
-184 -505 -150 -229 -510 -123
-187 -504 -156 -225 -516 -140
-189 -505 -163 -223 -519 -148
-191 -504 -167 -271 -520 -117
-191 -503 -169 -207 -515 -169
-192 -504 -175 -192 -517 -185
-191 -505 -175 -196 -518 -178
-189 -506 -177 -198 -522 -180
-183 -505 -179 -197 -567 -222
-184 -507 -181 -219 -520 -167
-183 -508 -182 -207 -513 -170
-184 -512 -177 -195 -569 -214
-184 -512 -175 -269 -521 -70
-185 -511 -172 -269 -522 -67
-185 -511 -172 -268 -523 -65
-185 -510 -169 -262 -550 -107
-187 -510 -166 -200 -570 -202
-187 -509 -163 -220 -531 -129
-187 -508 -161 -203 -557 -178
-184 -507 -159 -218 -525 -115
-183 -506 -158 -218 -526 -114
-182 -506 -157 -217 -526 -113
-182 -506 -154 -217 -526 -111
-182 -505 -153 -216 -526 -111
-180 -504 -152 -200 -515 -121
-180 -502 -148 -197 -515 -125
-182 -501 -146 -198 -514 -125
-183 -500 -145 -199 -514 -130
-185 -501 -145 -200 -513 -131
-188 -508 -149 -201 -516 -134
-194 -520 -156 -205 -528 -143
-184 -532 -162 -217 -551 -146
-160 -560 -190 -255 -565 -126
-95 -574 -227 -280 -594 -125
-68 -592 -245 -288 -597 -118
-26 -620 -256 -318 -603 -78
24 -640 -255 -334 -609 -52
81 -653 -255 -357 -621 -17
141 -675 -258 -362 -610 14
175 -674 -253 -395 -617 53
246 -667 -248 -403 -613 79
278 -655 -239 -412 -605 114
315 -645 -223 -417 -602 134
347 -625 -204 -417 -604 147
370 -609 -183 -415 -595 178
385 -605 -170 -412 -597 199
399 -600 -147 -405 -598 212
423 -601 -109 -380 -615 237
407 -611 -80 -369 -625 244
398 -613 -75 -338 -632 242
366 -642 -50 -301 -651 230
296 -652 -50 -257 -669 200
242 -612 -73 -220 -598 127
253 -638 -89 -235 -644 122
265 -628 -127 -257 -673 118
294 -623 -159 -305 -667 115
327 -614 -192 -343 -662 118
359 -606 -211 -369 -654 120
397 -576 -230 -415 -626 127
409 -570 -236 -425 -619 127
432 -556 -250 -441 -608 129
450 -537 -256 -462 -596 126
459 -530 -261 -465 -589 125
462 -530 -264 -468 -586 122
464 -529 -264 -465 -586 120
453 -538 -251 -457 -598 114
426 -561 -234 -414 -621 102
244 -623 -150 -216 -651 32
242 -634 -154 -215 -651 31
248 -630 -168 -229 -672 17
266 -626 -182 -263 -680 6
291 -620 -210 -306 -672 1
310 -612 -226 -343 -657 -1
353 -593 -257 -385 -627 9
385 -578 -271 -406 -623 9
407 -564 -280 -453 -604 15
434 -551 -288 -464 -598 20
449 -538 -289 -485 -581 24
463 -522 -293 -494 -570 28
471 -515 -294 -499 -565 30
473 -517 -293 -505 -565 32
473 -520 -286 -505 -564 34
469 -532 -270 -498 -572 38
443 -566 -241 -456 -597 38
415 -593 -220 -419 -615 36
372 -616 -192 -372 -642 33
325 -628 -166 -314 -656 26
277 -636 -142 -260 -671 17
251 -640 -137 -236 -645 15
239 -639 -135 -242 -671 19
232 -636 -135 -244 -643 20
232 -636 -135 -263 -660 26
237 -628 -149 -298 -657 31
267 -622 -174 -357 -640 39
306 -613 -202 -402 -617 49
343 -603 -221 -432 -603 54
378 -586 -231 -484 -580 62
407 -563 -243 -500 -556 62
417 -548 -244 -519 -538 62
436 -531 -248 -530 -530 67
441 -525 -247 -534 -521 68
446 -521 -242 -539 -520 71
445 -523 -238 -537 -525 63
437 -530 -226 -517 -538 51
420 -564 -201 -485 -579 40
393 -580 -177 -455 -593 37
257 -633 -106 -313 -637 19
355 -576 -173 -457 -576 -30
387 -559 -194 -482 -563 -37
403 -540 -197 -505 -550 -42
417 -531 -198 -513 -544 -43
435 -525 -202 -518 -540 -46
440 -523 -199 -523 -540 -47
442 -523 -197 -521 -547 -55
440 -531 -184 -504 -570 -65
435 -547 -172 -477 -583 -63
404 -578 -151 -420 -605 -68
361 -602 -126 -370 -634 -75
333 -613 -108 -317 -641 -83
276 -637 -84 -290 -640 -77
243 -633 -79 -265 -616 -63
224 -633 -80 -264 -615 -68
222 -635 -80 -260 -637 -85
224 -635 -82 -269 -640 -90
233 -629 -90 -293 -639 -103
246 -618 -106 -326 -623 -116
260 -609 -123 -350 -616 -121
281 -596 -144 -381 -600 -120
300 -577 -158 -396 -591 -121
318 -565 -169 -415 -584 -120
338 -554 -172 -434 -582 -125
351 -551 -171 -445 -578 -126
364 -550 -166 -450 -577 -129
372 -552 -157 -456 -579 -132
376 -557 -139 -458 -584 -137
373 -573 -113 -454 -588 -139
272 -639 -45 -352 -629 -166
229 -644 -37 -331 -640 -161
192 -695 -42 -286 -640 -148
233 -630 -7 -259 -642 -153
251 -629 0 -268 -645 -162
272 -623 -4 -285 -630 -184
309 -603 -22 -311 -623 -201
333 -595 -20 -336 -616 -202
374 -577 -23 -360 -594 -205
393 -570 -20 -383 -585 -203
424 -565 -13 -397 -586 -199
449 -561 -14 -417 -580 -200
473 -551 -11 -421 -575 -191
486 -543 -11 -428 -579 -188
489 -530 -14 -430 -580 -182
496 -536 -18 -429 -581 -171
482 -545 -37 -421 -596 -165
456 -560 -52 -399 -616 -154
418 -585 -76 -358 -633 -142
250 -621 -100 -229 -666 -103
243 -622 -109 -226 -663 -102
241 -626 -123 -223 -665 -103
343 -579 -191 -320 -649 -108
359 -570 -201 -336 -640 -109
380 -563 -208 -351 -633 -106
388 -558 -216 -363 -628 -102
393 -557 -226 -372 -627 -105
395 -563 -223 -376 -625 -97
391 -570 -217 -367 -625 -90
374 -582 -214 -355 -635 -92
348 -603 -191 -332 -649 -78
331 -617 -183 -309 -655 -83
299 -627 -165 -280 -658 -80
266 -642 -140 -252 -656 -81
220 -653 -122 -337 -628 -47
233 -656 -123 -381 -613 -27
249 -659 -130 -401 -609 -22
269 -659 -137 -419 -597 -18
278 -658 -141 -436 -592 -12
294 -652 -146 -442 -588 -3
306 -649 -153 -444 -584 3
331 -643 -177 -426 -599 2
333 -644 -181 -364 -642 4
259 -651 -162 -268 -642 -27
258 -653 -165 -271 -659 -31
245 -648 -163 -267 -666 -37
230 -648 -177 -282 -658 -59
238 -646 -201 -335 -635 -64
240 -638 -213 -337 -637 -66
267 -586 -278 -375 -646 -7
277 -581 -287 -374 -665 21
284 -579 -293 -370 -666 23
281 -628 -231 -274 -689 40
257 -643 -190 -242 -681 27
246 -651 -176 -238 -685 23
239 -636 -169 -237 -685 23
235 -650 -170 -241 -684 24
236 -653 -171 -247 -683 20
238 -653 -172 -273 -684 16
262 -645 -180 -298 -673 13
283 -628 -192 -329 -657 13
324 -619 -213 -352 -656 13
342 -608 -216 -364 -655 15
370 -597 -228 -388 -645 19
384 -584 -233 -400 -639 15
397 -576 -235 -407 -627 11
396 -579 -232 -403 -630 9
291 -630 -149 -253 -665 -16
275 -620 -140 -226 -661 -22
261 -628 -139 -218 -671 -26
255 -629 -139 -220 -666 -24
257 -625 -142 -221 -664 -24
265 -623 -157 -228 -665 -26
284 -622 -166 -242 -663 -31
312 -620 -180 -277 -657 -33
325 -616 -182 -293 -655 -31
354 -605 -191 -311 -652 -25
369 -602 -197 -335 -634 -18
393 -589 -203 -348 -629 -12
406 -581 -205 -361 -624 -5
412 -578 -203 -369 -622 0
413 -575 -202 -380 -621 9
409 -576 -198 -385 -621 16
408 -578 -197 -366 -632 23
393 -589 -190 -360 -637 26
364 -608 -181 -323 -647 29
335 -614 -174 -284 -663 33
301 -625 -158 -253 -668 33
265 -625 -147 -243 -671 34
243 -623 -153 -226 -644 33
322 -618 -209 -330 -631 39
355 -603 -225 -347 -627 42
382 -593 -248 -389 -613 47
390 -582 -256 -397 -610 49
396 -580 -263 -401 -608 49
396 -580 -263 -402 -608 50
394 -581 -263 -400 -610 50
384 -589 -259 -384 -616 48
354 -601 -240 -351 -633 35
319 -614 -221 -317 -649 31
284 -629 -199 -278 -651 24
259 -633 -177 -266 -652 25
227 -630 -164 -245 -644 10
220 -630 -165 -246 -646 10
219 -631 -166 -249 -658 9
220 -631 -167 -254 -657 7
228 -630 -172 -281 -655 -3
243 -624 -182 -318 -650 -3
273 -623 -207 -343 -643 -6
298 -617 -220 -367 -639 -5
329 -608 -233 -398 -620 -4
356 -595 -241 -407 -616 -6
399 -570 -251 -432 -607 -9
396 -579 -233 -417 -614 -6
378 -598 -210 -371 -649 -3
342 -615 -180 -351 -655 -5
315 -629 -167 -299 -672 -2
274 -634 -140 -264 -677 2
260 -632 -134 -244 -644 11
252 -629 -132 -240 -649 10
254 -630 -132 -249 -678 7
264 -630 -141 -277 -680 13
282 -625 -165 -320 -669 12
303 -621 -186 -345 -665 11
342 -606 -218 -386 -637 18
366 -589 -234 -412 -625 19
391 -569 -247 -424 -620 19
403 -567 -256 -453 -611 13
413 -560 -266 -458 -610 10
418 -557 -271 -461 -607 10
418 -558 -271 -462 -607 6
417 -560 -270 -459 -611 0
404 -577 -264 -439 -618 -9
375 -600 -249 -403 -624 -19
342 -613 -235 -362 -655 -25
300 -632 -212 -343 -657 -25
265 -641 -189 -285 -683 -31
243 -635 -180 -256 -679 -30
226 -634 -182 -227 -644 -31
241 -639 -194 -259 -684 -16
262 -642 -213 -302 -669 -7
260 -647 -211 -303 -670 -7
253 -654 -201 -291 -679 -7
244 -655 -190 -283 -676 -10
234 -652 -177 -251 -675 -19
218 -614 -168 -249 -642 -15
218 -611 -166 -242 -634 -20
224 -610 -166 -244 -628 -24
223 -607 -164 -244 -624 -29
223 -599 -162 -252 -621 -25
228 -585 -156 -255 -618 -24
207 -582 -154 -285 -607 -17
205 -578 -161 -285 -603 -24
199 -580 -159 -284 -601 -27
191 -582 -159 -251 -589 -49
186 -587 -158 -256 -589 -45
177 -590 -160 -262 -611 -53
178 -599 -166 -247 -601 -61
177 -605 -167 -253 -598 -58
170 -612 -166 -262 -618 -62
169 -612 -162 -271 -621 -60
174 -611 -162 -271 -624 -64
171 -611 -157 -240 -598 -76
165 -612 -150 -255 -618 -78
170 -606 -143 -268 -609 -89
170 -611 -138 -277 -611 -85
171 -612 -133 -283 -612 -82
168 -611 -129 -290 -611 -78
165 -611 -124 -292 -611 -74
162 -612 -123 -295 -612 -71
160 -612 -120 -291 -613 -65
159 -611 -117 -290 -615 -62
159 -611 -116 -291 -616 -59
159 -614 -122 -306 -611 -54
159 -614 -122 -282 -619 -48
161 -614 -120 -274 -617 -51
159 -614 -116 -279 -612 -33
153 -612 -114 -279 -609 -31
150 -613 -113 -280 -607 -27
123 -602 -111 -284 -607 -24
138 -609 -109 -288 -606 -14
139 -609 -110 -293 -607 -8
140 -608 -108 -296 -608 -1
141 -609 -107 -297 -611 2
141 -608 -106 -284 -635 -14
139 -610 -101 -298 -634 -16
141 -610 -100 -297 -638 -15
142 -612 -100 -279 -648 5
132 -617 -104 -280 -629 -3
149 -611 -111 -268 -623 9
163 -616 -116 -258 -629 6
170 -618 -119 -270 -629 31
173 -621 -122 -259 -633 18
165 -620 -127 -250 -632 13
169 -621 -133 -253 -633 17
153 -641 -146 -255 -637 21
166 -615 -133 -249 -636 24
172 -612 -137 -252 -639 33
177 -610 -139 -237 -664 11
182 -612 -140 -234 -657 3
183 -616 -137 -238 -650 -2
187 -618 -138 -236 -643 -4
180 -619 -138 -236 -644 -5
179 -618 -141 -229 -650 6
173 -617 -147 -242 -613 33
151 -637 -164 -237 -612 29
149 -636 -187 -233 -615 25
149 -636 -196 -229 -616 21
156 -624 -203 -229 -617 21
158 -622 -206 -230 -617 22
161 -619 -210 -231 -619 23
161 -619 -210 -233 -620 28
161 -619 -223 -226 -623 25
163 -619 -242 -207 -644 -2
111 -583 -267 -198 -609 87
113 -583 -263 -194 -601 90
114 -581 -261 -189 -596 96
120 -580 -259 -192 -622 85
78 -658 -272 -171 -631 110
75 -592 -263 -168 -586 107
66 -591 -265 -179 -578 115
64 -592 -266 -191 -577 115
66 -595 -253 -180 -584 116
39 -612 -263 -180 -582 112
68 -597 -253 -186 -612 102
82 -592 -264 -182 -583 111
85 -587 -262 -179 -560 115
82 -581 -263 -185 -563 113
85 -625 -279 -207 -638 35
107 -592 -270 -218 -655 1
119 -625 -275 -221 -686 -8
124 -623 -272 -221 -684 -14
180 -631 -256 -210 -685 -36
197 -654 -257 -183 -648 -16
212 -644 -260 -178 -637 -21
222 -632 -246 -174 -631 -29
239 -603 -226 -173 -626 -35
247 -606 -214 -171 -611 -40
271 -592 -198 -168 -614 -50
281 -584 -191 -147 -630 -80
293 -578 -183 -146 -633 -83
298 -571 -171 -143 -634 -86
302 -569 -157 -141 -620 -83
304 -566 -147 -142 -613 -82
294 -588 -132 -141 -620 -78
306 -585 -127 -137 -643 -87
315 -622 -119 -129 -637 -93
317 -611 -112 -130 -633 -90
346 -640 -118 -131 -636 -89
346 -637 -118 -136 -635 -84
343 -641 -124 -135 -634 -84
335 -640 -122 -134 -630 -79
299 -625 -146 -154 -637 -61
293 -622 -144 -164 -612 -45
283 -615 -142 -159 -616 -55
303 -599 -182 -155 -640 -71
296 -601 -179 -162 -643 -72
286 -604 -177 -174 -633 -64
278 -603 -178 -168 -640 -77
254 -608 -170 -179 -642 -73
246 -609 -166 -188 -620 -51
213 -626 -172 -192 -620 -47
204 -622 -179 -199 -619 -41
199 -623 -184 -204 -618 -34
188 -624 -183 -215 -618 -29
198 -602 -178 -222 -620 -25
201 -599 -187 -231 -622 -22
196 -599 -187 -218 -651 -34
191 -600 -186 -222 -653 -33
182 -601 -181 -233 -634 -8
203 -599 -197 -235 -622 -3
234 -580 -188 -238 -621 -1
155 -611 -191 -247 -634 8
167 -607 -196 -254 -630 16
154 -609 -190 -235 -653 -2
150 -610 -188 -237 -651 0
148 -612 -190 -242 -624 17
139 -615 -196 -246 -621 21
125 -615 -214 -245 -619 19
124 -614 -218 -245 -619 17
103 -634 -221 -247 -621 14
102 -632 -224 -247 -622 9
100 -631 -232 -247 -616 6
100 -629 -239 -246 -615 3
98 -627 -242 -249 -612 0
99 -627 -241 -249 -611 -1
100 -627 -240 -254 -623 -4
126 -610 -231 -256 -625 -6
131 -609 -232 -258 -624 -8
135 -607 -234 -252 -640 -42
137 -607 -235 -255 -639 -49
137 -606 -234 -258 -645 -54
146 -607 -233 -279 -618 -26
150 -607 -229 -274 -618 -27
153 -604 -224 -267 -618 -33
154 -605 -220 -257 -619 -39
107 -534 -180 -252 -624 -43
156 -601 -217 -252 -624 -41
154 -606 -199 -251 -625 -40
141 -623 -209 -288 -608 -3
158 -603 -195 -286 -612 -6
160 -606 -207 -272 -629 -23
165 -608 -210 -267 -632 -29
176 -612 -214 -264 -629 -28
162 -618 -192 -261 -626 -14
161 -619 -191 -257 -623 -12
162 -621 -192 -256 -625 -11
163 -618 -198 -248 -622 -11
161 -614 -201 -253 -622 -2
160 -612 -204 -248 -625 -5
156 -610 -202 -246 -624 -5
152 -608 -203 -270 -617 13
155 -609 -203 -261 -620 7
158 -610 -204 -257 -620 4
159 -612 -203 -254 -620 3
157 -614 -201 -253 -619 3
158 -614 -203 -250 -617 2
164 -615 -207 -243 -618 -2
169 -616 -209 -239 -617 -3
170 -617 -208 -238 -617 -4
