233 -609 204 -38 -642 -294
235 -597 218 -87 -658 -297
261 -627 202 -171 -665 -308
306 -576 202 -256 -659 -277
267 -641 133 -295 -676 -280
284 -618 123 -311 -664 -241
277 -661 116 -321 -663 -218
342 -651 113 -261 -694 -111
351 -650 115 -246 -694 -102
341 -649 108 -250 -656 -87
349 -646 103 -243 -655 -85
338 -647 98 -246 -653 -76
334 -647 94 -232 -649 -64
329 -647 86 -236 -654 -63
289 -657 8 -206 -672 -75
276 -671 -14 -208 -679 -82
263 -655 -24 -212 -680 -86
252 -655 -34 -226 -672 -88
250 -650 -42 -232 -687 -94
247 -654 -53 -251 -692 -103
250 -659 -65 -300 -670 -108
272 -656 -83 -335 -652 -119
299 -666 -93 -360 -648 -119
363 -647 -115 -474 -580 -144
399 -605 -129 -525 -546 -174
461 -477 -187 -603 -384 -197
475 -386 -210 -624 -275 -201
502 -93 -261 -575 48 -161
515 34 -285 -539 102 -127
479 85 -229 -513 174 -109
408 309 -148 -344 336 -2
391 311 -132 -348 315 -38
380 317 -123 -337 314 -22
378 318 -124 -322 340 -4
376 314 -148 -325 346 -36
358 308 -171 -331 312 -83
352 303 -204 -333 304 -132
346 249 -254 -337 265 -181
340 208 -306 -336 222 -230
338 149 -347 -342 162 -268
341 73 -379 -346 98 -300
338 18 -390 -359 36 -320
337 -12 -403 -358 -9 -338
336 -30 -406 -369 -37 -338
331 90 -421 -358 117 -308
331 138 -389 -360 176 -258
337 186 -360 -361 231 -215
344 227 -326 -362 263 -165
356 249 -291 -359 269 -124
361 267 -244 -356 277 -87
363 269 -237 -353 278 -74
366 274 -227 -350 278 -68
365 272 -218 -350 278 -66
367 261 -225 -346 279 -70
356 253 -240 -346 278 -93
350 228 -288 -350 264 -142
340 208 -312 -350 234 -180
323 68 -399 -365 83 -293
311 28 -416 -369 25 -308
318 3 -415 -371 -13 -312
318 -5 -419 -375 -36 -313
317 -11 -424 -377 -45 -311
315 -13 -426 -377 -46 -314
316 -12 -426 -377 -38 -316
317 2 -427 -372 12 -321
306 59 -436 -370 64 -311
316 91 -412 -366 121 -292
322 135 -395 -371 175 -256
323 182 -364 -373 224 -223
334 221 -328 -371 256 -190
342 235 -314 -362 271 -162
347 261 -252 -349 285 -128
354 270 -235 -341 284 -119
348 221 -305 -350 241 -183
331 179 -345 -354 225 -213
325 132 -373 -367 176 -241
327 102 -395 -367 150 -265
320 62 -416 -369 97 -284
327 23 -418 -380 49 -302
321 7 -421 -380 10 -314
316 -26 -431 -380 -34 -311
315 -44 -426 -391 -64 -302
315 -57 -425 -389 -78 -303
314 -63 -425 -399 -109 -259
314 -65 -427 -398 -108 -264
314 -65 -427 -389 -88 -304
317 -58 -428 -390 -79 -300
315 -23 -433 -389 -18 -321
326 6 -428 -393 36 -304
329 49 -414 -407 100 -287
334 115 -408 -403 156 -254
343 139 -373 -380 183 -212
342 193 -342 -387 226 -178
353 218 -313 -381 245 -149
357 246 -261 -369 268 -109
359 248 -244 -362 272 -94
359 251 -235 -359 275 -88
358 251 -229 -357 273 -84
357 251 -227 -356 272 -85
356 251 -228 -356 272 -97
352 240 -240 -359 265 -120
348 215 -281 -360 251 -160
344 201 -299 -363 215 -206
346 148 -342 -371 171 -240
344 109 -375 -367 117 -274
347 54 -390 -371 56 -299
342 7 -393 -373 -4 -307
342 -31 -390 -370 -55 -311
347 -58 -388 -376 -75 -308
347 -69 -383 -377 -87 -308
345 -72 -383 -379 -90 -307
343 -71 -388 -378 -89 -308
341 -55 -393 -373 -60 -322
332 -3 -408 -366 -5 -339
344 37 -404 -377 51 -320
345 100 -399 -389 118 -303
354 146 -375 -373 161 -267
365 195 -339 -380 217 -230
380 235 -299 -383 257 -189
356 296 -152 -368 273 -54
362 275 -143 -352 313 -12
360 272 -137 -343 330 9
362 275 -135 -339 331 11
360 307 -123 -330 325 -17
356 301 -157 -337 285 -57
354 271 -210 -338 288 -103
357 264 -241 -335 272 -140
367 75 -371 -350 83 -314
364 33 -378 -350 15 -321
360 1 -384 -354 -38 -333
367 -54 -370 -357 -96 -329
365 -50 -371 -355 -72 -338
367 -18 -381 -353 -27 -340
377 19 -372 -360 27 -324
377 95 -392 -358 89 -318
390 251 -178 -381 295 -87
378 246 -146 -355 312 -45
378 246 -145 -354 313 -43
391 271 -144 -346 314 -52
375 295 -153 -341 291 -86
374 283 -208 -344 280 -119
370 235 -242 -347 263 -166
371 192 -292 -344 230 -224
369 144 -325 -351 171 -265
361 92 -366 -349 115 -297
361 41 -377 -361 54 -313
365 -3 -365 -372 4 -319
365 -19 -369 -372 -27 -311
375 -48 -345 -379 -43 -310
374 -49 -347 -380 -50 -312
374 -49 -347 -383 -51 -311
368 -26 -376 -382 -46 -312
365 -17 -375 -382 -8 -320
360 25 -379 -380 28 -309
354 58 -384 -386 87 -312
354 110 -377 -364 142 -296
357 140 -356 -365 186 -256
353 184 -316 -361 231 -228
348 218 -299 -363 274 -195
355 251 -269 -364 302 -151
362 293 -225 -353 333 -127
365 302 -209 -342 318 -81
363 273 -179 -330 352 -66
376 278 -162 -325 356 -53
368 316 -155 -320 361 -46
368 316 -154 -319 361 -45
372 317 -156 -313 349 -50
367 287 -192 -314 351 -51
367 286 -199 -323 300 -100
368 272 -232 -331 298 -111
363 222 -261 -333 297 -157
363 183 -284 -343 263 -190
365 151 -306 -346 225 -219
358 118 -335 -352 176 -241
350 91 -351 -353 142 -263
357 57 -346 -356 93 -275
359 31 -339 -363 52 -269
353 15 -346 -375 24 -280
346 3 -353 -369 2 -287
346 -4 -354 -376 -14 -282
357 -18 -342 -379 -22 -278
357 -19 -341 -379 -25 -276
354 -16 -350 -380 -24 -279
354 -5 -353 -388 5 -288
359 30 -351 -382 46 -273
353 81 -369 -387 110 -278
356 122 -355 -382 166 -249
354 163 -322 -377 206 -214
370 194 -300 -374 248 -172
365 239 -268 -375 275 -136
370 256 -236 -364 289 -105
371 263 -216 -356 290 -72
372 262 -191 -348 295 -58
378 270 -160 -345 293 -43
385 259 -160 -339 292 -27
375 286 -151 -339 288 -22
375 286 -149 -340 285 -21
374 286 -147 -340 287 -28
375 285 -147 -345 291 -47
372 280 -168 -341 291 -67
370 248 -214 -348 275 -113
367 242 -234 -346 257 -146
358 193 -280 -354 227 -192
346 152 -310 -355 177 -219
346 124 -332 -354 142 -239
337 72 -338 -363 92 -269
350 39 -328 -364 48 -271
347 28 -335 -366 22 -279
351 12 -334 -368 -2 -281
350 7 -337 -371 -16 -278
348 5 -341 -372 -22 -274
347 6 -342 -373 -22 -274
350 12 -343 -373 -15 -276
353 50 -357 -380 27 -287
352 119 -361 -370 104 -274
362 144 -333 -368 148 -258
356 183 -307 -364 195 -233
370 220 -292 -356 235 -202
366 250 -266 -352 264 -171
366 274 -233 -339 268 -138
369 279 -214 -327 278 -100
375 261 -181 -321 279 -81
376 265 -170 -313 281 -68
366 309 -160 -309 278 -60
367 308 -152 -310 274 -54
369 306 -150 -308 275 -51
370 302 -149 -308 277 -51
372 298 -151 -296 316 -53
387 264 -180 -310 276 -82
384 258 -211 -319 273 -117
374 242 -228 -321 281 -150
375 218 -255 -329 241 -189
365 184 -296 -344 193 -213
364 158 -318 -341 168 -249
355 118 -349 -348 115 -277
352 89 -357 -347 77 -289
355 54 -360 -353 39 -290
356 30 -357 -357 10 -292
356 18 -359 -361 -7 -296
353 6 -364 -362 -15 -296
352 -2 -371 -361 -19 -299
351 -3 -371 -363 -18 -299
351 -4 -373 -362 -12 -301
347 4 -378 -362 17 -304
351 29 -380 -365 59 -307
340 71 -384 -365 102 -292
342 111 -382 -365 153 -275
349 149 -354 -372 188 -245
343 177 -323 -372 228 -213
352 213 -299 -378 265 -179
357 249 -264 -373 281 -146
350 287 -205 -358 298 -93
349 293 -180 -349 315 -69
357 263 -168 -340 314 -63
349 301 -167 -340 290 -64
351 297 -167 -340 290 -64
353 293 -182 -335 289 -74
356 275 -236 -341 289 -87
359 236 -242 -345 277 -116
373 198 -277 -354 269 -139
368 176 -304 -359 259 -176
366 142 -338 -362 225 -200
364 111 -357 -368 186 -228
369 72 -368 -382 165 -252
369 61 -373 -396 122 -276
376 4 -358 -399 77 -279
371 -3 -367 -403 50 -289
374 -23 -365 -407 23 -288
373 -29 -362 -410 12 -291
375 -33 -358 -409 7 -290
374 -32 -361 -409 7 -291
366 -21 -368 -409 13 -292
365 -9 -367 -410 36 -292
367 11 -364 -409 72 -285
363 59 -377 -410 120 -283
350 96 -383 -402 156 -268
347 132 -362 -383 189 -237
341 170 -328 -379 244 -210
344 215 -310 -373 274 -177
346 242 -288 -369 285 -150
350 303 -203 -344 324 -58
351 313 -156 -327 328 -39
351 266 -186 -338 292 -81
347 284 -220 -340 291 -92
345 248 -262 -361 279 -134
345 235 -282 -364 268 -181
335 185 -321 -365 234 -209
338 157 -347 -371 189 -239
334 112 -359 -372 152 -269
335 81 -370 -376 103 -289
345 30 -367 -376 50 -286
345 17 -373 -388 18 -306
348 -14 -366 -389 -20 -301
350 -24 -369 -384 -44 -300
348 -36 -370 -386 -56 -305
352 -49 -366 -385 -65 -306
352 -53 -367 -390 -73 -302
351 -54 -368 -393 -75 -300
352 -55 -368 -394 -76 -302
347 -46 -376 -393 -71 -305
346 -7 -384 -380 -13 -317
349 19 -380 -385 25 -310
339 83 -400 -383 87 -312
343 128 -377 -382 140 -291
337 152 -356 -386 172 -269
349 198 -323 -383 232 -236
345 230 -291 -381 247 -196
349 245 -272 -375 266 -167
345 259 -219 -361 283 -114
344 261 -208 -361 279 -111
339 288 -199 -355 277 -105
345 263 -194 -350 276 -102
342 278 -194 -347 274 -103
344 272 -197 -353 275 -114
357 260 -237 -359 272 -155
349 245 -254 -362 277 -170
346 207 -294 -359 226 -209
330 77 -373 -369 128 -298
319 51 -377 -371 74 -311
317 21 -377 -370 34 -309
311 4 -380 -370 6 -308
315 -14 -377 -372 -12 -312
315 -22 -374 -376 -27 -304
317 -27 -373 -377 -32 -301
320 -31 -371 -377 -32 -300
321 -31 -371 -376 -23 -308
325 -26 -373 -377 -1 -312
332 -6 -374 -378 29 -299
341 20 -371 -378 82 -306
349 66 -380 -381 124 -291
356 117 -378 -376 171 -269
362 144 -351 -373 218 -245
366 181 -323 -372 248 -203
369 217 -284 -373 276 -177
366 250 -258 -369 285 -145
365 256 -190 -343 318 -77
361 273 -181 -333 330 -61
359 266 -185 -339 281 -90
359 256 -228 -351 275 -138
355 238 -252 -352 276 -177
328 16 -387 -383 18 -329
326 -4 -394 -386 -16 -329
338 -33 -376 -391 -51 -311
339 -37 -380 -384 -66 -315
340 -42 -378 -391 -74 -311
340 -43 -379 -394 -79 -308
343 -42 -376 -395 -79 -307
345 -22 -388 -393 -72 -313
349 -8 -386 -394 -45 -323
357 19 -367 -395 -1 -320
356 65 -385 -398 43 -308
353 102 -373 -384 108 -307
360 132 -357 -393 159 -277
353 161 -327 -381 187 -248
359 256 -228 -356 282 -139
354 263 -213 -346 285 -113
350 265 -203 -341 288 -105
345 265 -191 -330 311 -94
346 264 -187 -327 311 -92
345 263 -186 -325 311 -92
343 286 -182 -331 282 -97
346 261 -189 -331 283 -102
346 261 -208 -337 277 -148
341 235 -250 -339 269 -163
335 222 -265 -340 253 -198
331 176 -300 -352 205 -218
332 155 -320 -355 192 -239
335 103 -334 -361 141 -264
331 83 -340 -359 107 -287
333 32 -345 -362 54 -289
331 21 -349 -367 26 -302
328 -5 -359 -371 -12 -321
333 -24 -350 -379 -40 -306
333 -35 -355 -378 -53 -306
332 -42 -355 -376 -65 -301
332 -48 -359 -380 -79 -290
332 -48 -359 -381 -81 -285
332 -45 -360 -381 -81 -287
330 -25 -365 -380 -78 -286
326 7 -372 -371 -31 -305
345 31 -361 -369 14 -311
339 81 -386 -370 74 -302
342 113 -375 -371 128 -283
351 149 -358 -376 181 -254
350 182 -339 -374 223 -219
356 209 -309 -368 256 -186
365 245 -290 -371 267 -163
365 255 -275 -365 279 -129
364 263 -259 -359 285 -107
366 252 -232 -358 287 -104
368 252 -222 -351 285 -100
368 253 -220 -347 308 -97
363 271 -222 -350 275 -106
363 257 -236 -351 258 -139
362 250 -246 -351 249 -172
365 230 -271 -359 231 -206
352 196 -314 -368 185 -252
359 164 -330 -367 127 -278
356 118 -362 -372 86 -306
350 83 -385 -389 29 -318
361 24 -361 -382 -14 -326
360 8 -377 -385 -42 -326
372 -32 -367 -378 -70 -317
372 -43 -365 -378 -78 -317
374 -57 -370 -379 -89 -318
379 -65 -369 -398 -103 -290
382 -73 -357 -400 -103 -292
384 -67 -369 -390 -90 -314
383 -59 -371 -385 -70 -334
372 6 -389 -391 21 -341
369 56 -395 -402 82 -335
362 114 -396 -393 144 -309
355 150 -366 -378 182 -260
343 202 -342 -379 239 -229
348 240 -299 -377 273 -183
342 255 -275 -374 290 -163
341 304 -229 -349 282 -115
334 309 -206 -348 300 -100
325 308 -185 -350 273 -88
323 299 -192 -348 298 -88
335 300 -245 -362 269 -128
360 132 -382 -371 156 -279
353 78 -411 -396 106 -325
367 26 -407 -398 48 -344
369 -3 -413 -399 -5 -364
371 -54 -403 -400 -55 -369
373 -70 -401 -403 -85 -374
384 -109 -362 -404 -129 -341
383 -107 -366 -405 -131 -339
384 -108 -373 -405 -133 -338
383 -108 -375 -407 -132 -338
380 -80 -400 -402 -109 -343
373 -47 -413 -384 -48 -377
372 -3 -417 -387 10 -369
377 227 -313 -355 258 -168
371 286 -269 -357 254 -127
355 255 -237 -337 249 -97
337 263 -208 -328 275 -81
333 252 -188 -325 273 -55
328 291 -177 -323 274 -53
339 258 -179 -321 274 -53
329 256 -192 -326 281 -66
336 253 -239 -346 266 -116
335 242 -263 -351 265 -159
337 207 -319 -357 243 -200
345 154 -364 -366 201 -251
354 113 -410 -361 146 -294
355 51 -421 -369 90 -336
360 0 -419 -382 20 -354
358 -24 -429 -385 -34 -367
366 -70 -418 -394 -83 -371
369 -97 -399 -409 -118 -345
369 -102 -400 -408 -124 -344
376 -114 -391 -409 -128 -342
377 -116 -395 -410 -130 -342
358 129 -378 -368 203 -266
358 168 -338 -372 250 -221
348 223 -293 -359 263 -171
340 243 -260 -355 274 -124
328 270 -205 -332 292 -89
325 284 -192 -319 318 -35
323 285 -156 -319 321 -25
325 254 -151 -316 294 -18
313 296 -134 -312 291 -13
314 255 -148 -308 289 -13
314 258 -158 -302 311 -27
302 222 -312 -341 255 -220
306 170 -346 -341 204 -263
307 121 -393 -360 154 -313
309 58 -404 -369 78 -336
312 -3 -416 -370 11 -339
325 -45 -406 -382 -40 -350
320 -70 -406 -389 -65 -351
334 -88 -394 -385 -82 -352
337 -100 -386 -401 -99 -316
338 -99 -381 -402 -97 -317
338 -100 -381 -401 -77 -340
327 -77 -398 -398 -54 -339
325 -51 -403 -402 -5 -351
325 -6 -411 -381 27 -337
313 41 -424 -380 93 -341
318 98 -412 -376 150 -316
312 138 -380 -371 215 -277
311 188 -346 -368 254 -236
316 221 -320 -348 264 -187
317 249 -266 -344 280 -142
319 260 -245 -324 305 -95
321 283 -203 -319 328 -88
331 253 -196 -310 335 -64
331 257 -185 -305 333 -55
333 256 -183 -324 268 -62
323 287 -183 -309 306 -53
329 253 -193 -309 310 -66
338 251 -228 -313 331 -85
331 258 -249 -330 284 -141
324 230 -297 -333 278 -159
322 -37 -387 -397 19 -345
319 -65 -389 -411 -30 -353
324 -80 -404 -415 -93 -320
323 -80 -406 -417 -96 -315
324 -77 -404 -417 -94 -315
330 -60 -401 -418 -72 -331
329 -19 -416 -411 -27 -332
330 4 -411 -409 28 -328
331 64 -421 -409 84 -315
336 114 -410 -379 148 -293
333 139 -367 -374 207 -255
331 191 -339 -362 257 -209
339 229 -308 -350 273 -163
345 243 -271 -317 316 -117
335 244 -245 -323 282 -86
337 249 -226 -304 329 -67
338 254 -202 -312 269 -40
336 254 -191 -292 323 -28
337 254 -191 -312 268 -38
338 253 -196 -312 268 -42
339 252 -216 -297 329 -62
338 243 -240 -323 275 -98
336 212 -294 -335 274 -134
332 182 -319 -350 274 -192
337 134 -356 -361 234 -231
337 95 -393 -367 172 -266
348 42 -400 -372 113 -303
343 -25 -414 -404 -8 -327
357 -98 -385 -424 -106 -270
361 -101 -383 -425 -108 -277
361 -101 -383 -425 -107 -279
359 -91 -395 -414 -89 -303
358 56 -399 -401 120 -299
350 113 -403 -379 174 -259
347 142 -346 -376 227 -221
347 174 -328 -360 262 -175
332 212 -293 -340 261 -134
334 253 -262 -333 252 -89
334 258 -247 -327 253 -73
343 278 -186 -291 317 -7
343 276 -186 -292 318 -13
343 253 -204 -324 265 -59
339 261 -217 -313 301 -68
338 259 -250 -336 270 -111
326 207 -298 -349 264 -155
326 183 -319 -364 245 -201
332 139 -363 -379 206 -250
332 95 -379 -377 148 -274
341 49 -395 -388 86 -300
337 12 -408 -406 25 -300
340 -30 -397 -418 -29 -294
343 -52 -396 -418 -58 -296
350 -76 -390 -437 -95 -262
358 -98 -376 -437 -103 -267
359 -103 -374 -438 -106 -268
360 -102 -373 -438 -105 -270
353 -88 -402 -440 -98 -271
351 -78 -397 -435 -61 -292
345 -38 -405 -424 -12 -329
335 1 -412 -418 35 -310
339 41 -397 -414 100 -301
329 107 -398 -407 160 -270
319 153 -367 -377 212 -231
318 194 -330 -368 263 -179
319 234 -289 -362 273 -130
308 245 -191 -325 250 -42
304 244 -174 -329 252 -30
305 244 -164 -329 252 -25
305 244 -161 -329 251 -21
306 245 -161 -330 251 -24
311 245 -164 -331 252 -28
313 272 -176 -337 256 -54
323 264 -238 -328 269 -70
333 235 -259 -343 266 -117
329 188 -314 -357 250 -172
348 141 -348 -371 215 -228
346 100 -384 -379 162 -267
361 46 -391 -403 100 -295
356 24 -397 -401 36 -309
362 -16 -404 -420 -21 -302
370 -48 -377 -430 -67 -263
372 -53 -377 -431 -75 -277
375 -59 -378 -435 -85 -275
377 -67 -382 -435 -92 -277
377 -67 -382 -432 -89 -280
375 -65 -384 -426 -70 -300
374 -49 -389 -416 -33 -319
357 -12 -403 -413 20 -322
351 25 -411 -422 87 -312
353 56 -402 -409 148 -283
342 123 -391 -381 185 -237
344 155 -343 -380 237 -182
337 203 -317 -369 260 -136
342 277 -208 -336 279 -27
346 277 -192 -334 282 -21
348 280 -190 -330 282 -18
351 262 -192 -328 284 -29
358 240 -196 -335 286 -60
347 274 -218 -340 278 -71
352 243 -251 -359 276 -113
343 213 -300 -354 249 -154
337 189 -326 -359 233 -194
355 138 -365 -371 184 -237
348 91 -403 -384 149 -291
357 35 -403 -393 82 -315
350 -4 -409 -398 23 -339
352 -40 -406 -403 -26 -350
354 -60 -412 -406 -64 -343
358 -74 -404 -412 -90 -324
377 -25 -427 -414 -9 -352
381 -6 -414 -425 47 -338
388 59 -414 -424 102 -317
392 113 -398 -416 156 -274
402 144 -355 -407 213 -240
409 192 -322 -384 229 -183
409 209 -272 -379 246 -148
382 253 -189 -356 259 -52
376 266 -174 -352 258 -36
367 272 -155 -342 270 -13
348 237 -232 -351 254 -147
344 199 -322 -360 186 -236
356 -62 -431 -403 -83 -320
380 -85 -398 -413 -93 -311
381 -90 -394 -421 -95 -309
370 -7 -429 -417 -20 -345
366 31 -435 -402 29 -345
366 93 -422 -400 85 -321
365 139 -397 -391 150 -299
366 191 -358 -369 194 -253
356 240 -312 -362 241 -206
354 266 -260 -356 258 -155
354 251 -230 -333 265 -100
341 288 -179 -323 262 -74
326 261 -139 -296 287 0
342 263 -101 -287 262 64
342 264 -109 -305 279 30
354 259 -223 -345 258 -131
350 254 -255 -354 232 -190
341 202 -312 -366 178 -236
339 157 -354 -362 117 -280
344 112 -387 -368 50 -310
336 52 -403 -374 -4 -332
327 -20 -425 -395 -87 -317
335 -55 -415 -401 -108 -311
335 -70 -411 -404 -118 -309
335 -77 -414 -403 -124 -312
335 -80 -416 -402 -126 -312
335 -81 -417 -401 -126 -313
340 -75 -414 -382 -106 -333
328 -32 -435 -385 -78 -341
333 -8 -425 -374 -26 -346
346 40 -403 -379 24 -331
337 108 -409 -369 88 -317
335 136 -360 -366 151 -283
340 191 -323 -367 194 -234
352 232 -278 -362 244 -179
353 262 -245 -364 261 -130
345 267 -176 -360 239 -76
359 235 -160 -349 251 -40
362 232 -93 -348 258 36
365 235 -89 -351 257 42
361 264 -78 -353 257 33
373 270 -99 -369 251 -24
371 237 -158 -369 258 -45
367 270 -167 -371 260 -80
394 238 -231 -375 252 -144
389 209 -272 -382 216 -201
387 165 -320 -382 168 -246
387 122 -362 -384 120 -295
390 62 -371 -395 64 -326
387 10 -368 -392 11 -342
386 -6 -375 -392 -37 -364
383 -49 -370 -399 -69 -357
382 -57 -380 -401 -91 -345
382 -65 -383 -400 -99 -349
383 -68 -383 -403 -107 -332
381 -67 -386 -403 -104 -334
381 -63 -386 -402 -89 -340
376 -29 -403 -397 -46 -347
374 -10 -399 -398 3 -346
369 21 -390 -392 49 -334
354 83 -397 -387 115 -308
350 132 -371 -380 165 -270
341 242 -200 -349 251 -85
336 267 -188 -342 247 -62
341 253 -161 -335 248 -30
350 249 -125 -324 269 -5
357 246 -109 -354 234 -24
357 256 -105 -323 262 13
359 260 -105 -342 254 5
362 249 -108 -349 255 0
365 261 -131 -355 247 -15
364 260 -158 -361 253 -55
368 264 -184 -359 257 -76
364 248 -237 -365 254 -138
355 201 -259 -359 231 -174
364 151 -289 -354 190 -215
368 66 -321 -356 91 -272
366 4 -317 -366 -17 -287
364 -42 -327 -369 -80 -295
364 -57 -333 -371 -93 -299
367 -61 -334 -372 -102 -296
365 -64 -340 -372 -109 -296
365 -64 -341 -373 -109 -297
366 -61 -341 -372 -107 -297
366 -41 -351 -367 -70 -319
370 -16 -348 -364 -26 -318
377 21 -353 -360 38 -323
385 68 -355 -356 107 -304
373 114 -356 -355 169 -257
379 141 -324 -346 208 -217
383 171 -291 -334 248 -163
382 193 -265 -330 248 -108
379 222 -227 -315 280 -70
385 256 -189 -315 280 -24
380 264 -178 -312 273 -14
383 257 -140 -304 273 13
379 275 -113 -301 268 34
382 262 -90 -302 267 42
386 267 -88 -301 266 43
389 273 -81 -300 268 40
388 265 -80 -302 268 38
391 263 -85 -313 275 16
386 271 -100 -312 277 5
380 272 -148 -321 279 -49
372 271 -173 -324 276 -68
366 228 -231 -333 256 -138
358 202 -257 -337 223 -186
365 149 -302 -347 183 -237
358 103 -344 -350 128 -271
362 51 -356 -354 65 -315
358 -3 -350 -358 1 -329
351 -31 -371 -364 -56 -347
356 -70 -360 -367 -107 -335
358 -81 -365 -370 -122 -331
377 -108 -361 -374 -146 -338
378 -107 -362 -374 -146 -337
377 -93 -370 -395 -125 -319
382 -69 -383 -395 -109 -318
391 -37 -394 -401 -55 -334
391 -10 -390 -396 -4 -342
405 31 -377 -399 38 -323
402 74 -374 -405 91 -298
403 117 -359 -410 147 -263
416 148 -316 -387 185 -224
426 185 -277 -384 201 -166
417 187 -247 -374 237 -113
416 214 -200 -367 253 -73
415 219 -184 -361 246 -40
392 218 -155 -363 218 -26
393 215 -136 -340 252 18
408 247 -101 -347 196 0
395 241 -114 -323 223 48
402 196 -158 -327 242 15
390 221 -164 -352 215 -56
377 214 -211 -354 217 -74
376 206 -226 -351 233 -129
374 146 -308 -369 194 -216
360 -61 -377 -393 0 -352
356 -77 -382 -392 -37 -372
362 -105 -379 -398 -78 -366
363 -113 -372 -399 -90 -367
364 -117 -371 -404 -112 -346
364 -107 -379 -402 -104 -358
367 -86 -382 -401 -91 -363
356 -58 -392 -398 -66 -362
365 -20 -407 -392 -21 -374
372 48 -422 -381 67 -365
376 123 -386 -367 153 -303
382 148 -357 -367 195 -259
382 181 -319 -363 233 -206
391 212 -266 -357 241 -171
389 216 -249 -357 225 -122
387 252 -109 -346 207 -50
406 248 -82 -339 236 -36
403 251 -85 -333 233 -27
403 251 -85 -338 242 -19
408 255 -96 -327 233 -17
393 255 -117 -345 248 -70
419 270 -169 -350 218 -104
414 249 -193 -347 257 -157
411 237 -257 -347 237 -194
409 220 -296 -354 220 -253
406 165 -347 -355 165 -286
401 113 -388 -353 118 -325
398 43 -388 -358 59 -354
393 -6 -392 -357 -3 -365
394 -54 -384 -360 -47 -380
396 -70 -383 -373 -97 -374
395 -90 -379 -388 -121 -350
399 -97 -378 -393 -141 -340
405 -79 -384 -394 -134 -339
409 -36 -395 -383 -87 -373
408 -5 -386 -379 -35 -371
415 124 -382 -373 88 -338
423 164 -343 -373 148 -292
429 201 -298 -372 173 -252
429 222 -262 -367 223 -198
428 251 -202 -372 241 -150
422 248 -173 -370 237 -95
431 220 -132 -373 239 -82
430 224 -117 -376 246 -37
420 227 -96 -375 223 -21
416 221 -91 -370 229 -2
408 213 -90 -368 230 5
405 215 -80 -340 220 8
405 214 -80 -356 143 -32
413 241 -48 -347 225 2
403 231 -85 -342 205 34
398 242 -129 -334 231 -20
408 250 -162 -351 242 -68
409 250 -188 -351 261 -114
404 231 -247 -349 234 -163
405 201 -294 -350 219 -218
399 164 -335 -353 178 -263
402 119 -378 -352 129 -303
394 48 -367 -352 69 -326
379 -86 -393 -362 -84 -368
377 -73 -395 -357 -54 -364
378 -17 -404 -365 4 -359
392 15 -380 -368 61 -348
401 107 -407 -382 128 -322
413 152 -366 -377 168 -262
419 205 -321 -385 212 -217
424 242 -267 -389 235 -169
434 267 -203 -391 237 -106
425 278 -174 -389 237 -73
407 237 -139 -398 250 -29
406 238 -115 -393 220 -16
416 235 -96 -347 226 5
419 237 -97 -386 236 1
381 239 -139 -360 234 -68
362 259 -204 -354 240 -160
353 232 -270 -352 212 -200
337 40 -389 -347 57 -330
344 -23 -393 -349 -8 -342
368 -89 -369 -365 -128 -374
368 -110 -387 -364 -135 -373
371 -108 -385 -369 -141 -357
374 -102 -381 -366 -137 -361
380 -69 -363 -360 -114 -355
380 -56 -360 -366 -57 -357
372 4 -372 -364 0 -354
384 66 -378 -367 57 -344
372 133 -365 -365 125 -319
384 181 -321 -367 181 -262
367 259 -264 -368 212 -212
376 268 -217 -371 237 -155
384 282 -172 -366 224 -105
369 237 -149 -372 205 -74
369 255 -99 -353 220 -2
364 258 -84 -362 199 -13
353 250 -52 -364 199 -5
345 251 -39 -367 198 4
351 252 -43 -363 196 8
350 251 -43 -362 196 9
348 251 -40 -359 197 9
346 252 -43 -362 198 -2
347 259 -65 -363 209 -24
346 262 -112 -358 245 -38
353 261 -137 -360 246 -87
355 279 -201 -355 249 -144
359 234 -257 -355 220 -200
358 177 -309 -356 182 -252
361 113 -357 -355 125 -288
359 43 -378 -358 62 -318
366 -14 -375 -366 -5 -323
361 -51 -367 -369 -54 -319
366 -65 -366 -371 -91 -306
363 -89 -380 -371 -97 -307
362 -95 -380 -373 -110 -308
362 -102 -380 -373 -114 -306
362 -105 -379 -373 -114 -306
364 -99 -374 -372 -108 -302
368 -85 -366 -368 -58 -312
362 -42 -369 -366 -6 -309
353 19 -386 -369 59 -312
356 100 -388 -371 131 -297
371 138 -342 -372 181 -264
377 195 -294 -378 230 -212
370 253 -244 -379 270 -163
372 256 -194 -369 280 -106
365 287 -130 -364 306 -45
378 258 -124 -367 263 -27
357 288 -47 -366 284 25
369 253 -56 -354 273 57
373 248 -53 -315 232 94
373 244 -42 -311 242 99
353 231 -59 -308 243 100
378 238 -54 -309 246 97
384 239 -63 -308 258 83
397 240 -88 -320 265 49
395 243 -102 -323 285 13
372 248 -116 -329 291 -17
375 251 -136 -333 267 -81
367 264 -189 -335 267 -104
370 254 -236 -336 268 -176
379 208 -282 -339 224 -218
375 156 -323 -345 174 -257
365 110 -367 -346 117 -295
374 31 -340 -347 57 -314
368 6 -350 -361 -6 -315
372 -59 -360 -358 -80 -320
376 -69 -365 -364 -96 -315
380 -88 -363 -372 -112 -299
385 -89 -367 -371 -114 -302
394 60 -392 -357 102 -304
390 153 -340 -354 207 -230
393 193 -298 -349 240 -184
387 212 -264 -346 284 -130
355 249 -46 -307 247 73
370 206 -61 -301 255 76
360 250 -26 -326 220 34
358 251 -25 -327 219 34
351 252 -22 -327 226 34
330 272 -96 -302 268 40
340 286 -185 -331 279 -105
354 267 -211 -337 266 -155
348 233 -268 -336 250 -205
336 14 -384 -361 9 -341
335 -21 -383 -360 -23 -333
340 -43 -372 -363 -38 -330
337 -48 -376 -366 -47 -331
339 -49 -375 -366 -49 -332
337 -41 -380 -367 -44 -331
344 20 -382 -368 54 -341
342 95 -396 -366 105 -315
348 144 -366 -369 175 -290
351 189 -334 -368 219 -254
355 232 -275 -361 257 -199
359 263 -242 -361 275 -147
360 262 -189 -351 261 -99
367 248 -168 -346 288 -45
362 245 -149 -341 288 -23
354 285 -105 -336 280 8
351 275 -80 -325 328 71
351 272 -70 -322 252 65
361 268 -62 -320 251 67
361 267 -63 -336 260 57
370 270 -71 -343 276 19
372 273 -78 -343 276 24
369 268 -104 -336 282 5
378 240 -155 -358 259 -59
369 278 -166 -359 277 -94
366 250 -234 -366 265 -151
376 231 -283 -358 262 -200
362 179 -327 -364 227 -248
358 131 -369 -364 180 -291
363 60 -377 -362 117 -330
358 12 -378 -364 52 -349
360 -32 -370 -371 -16 -344
362 -51 -373 -377 -58 -352
368 -83 -373 -399 -107 -322
363 13 -415 -387 20 -360
372 45 -402 -392 92 -347
370 107 -404 -390 153 -303
377 147 -375 -382 195 -246
380 173 -337 -380 228 -186
389 193 -297 -382 235 -131
387 217 -247 -372 240 -76
382 223 -213 -370 234 -33
381 230 -168 -366 226 -5
389 210 -153 -371 194 -12
383 247 -93 -372 186 5
386 247 -86 -350 186 -4
380 255 -98 -338 224 29
370 243 -127 -332 245 -40
353 253 -158 -342 205 -81
334 242 -211 -341 239 -137
339 199 -242 -342 221 -167
328 154 -295 -354 177 -226
323 110 -329 -355 138 -275
331 61 -350 -355 84 -313
329 16 -365 -362 24 -338
333 -9 -373 -368 -30 -357
343 -43 -378 -383 -78 -355
355 -67 -379 -393 -114 -314
355 -74 -383 -395 -115 -312
368 -88 -376 -399 -121 -310
371 -87 -377 -402 -117 -309
371 -70 -387 -400 -63 -351
370 -23 -402 -407 -2 -355
380 4 -380 -408 53 -335
372 70 -384 -400 124 -302
371 126 -353 -387 169 -252
349 159 -303 -366 212 -203
358 182 -246 -345 243 -143
363 203 -211 -335 242 -83
358 205 -162 -321 238 -49
370 217 -158 -305 252 19
352 212 -63 -315 220 17
369 211 -45 -297 255 26
368 215 -36 -305 224 48
365 219 -38 -304 223 50
370 220 -40 -304 224 50
377 222 -47 -321 215 4
379 228 -58 -307 229 64
366 239 -117 -319 240 -4
360 265 -131 -336 234 -43
360 259 -186 -336 247 -84
366 255 -213 -337 240 -137
357 209 -267 -339 213 -192
348 171 -305 -347 181 -242
355 131 -343 -349 139 -286
346 80 -387 -354 76 -328
340 31 -401 -370 15 -345
337 -11 -397 -372 -34 -361
339 -47 -397 -389 -75 -340
348 -88 -398 -381 -108 -339
353 -94 -393 -385 -110 -328
351 -93 -397 -377 -95 -356
346 -76 -411 -386 -69 -344
345 -24 -431 -383 -11 -359
347 4 -421 -382 43 -341
344 71 -415 -369 107 -317
354 118 -387 -363 164 -274
351 157 -343 -357 207 -229
346 199 -301 -349 237 -185
354 222 -265 -344 266 -134
354 228 -241 -333 240 -79
358 206 -189 -327 272 -44
347 250 -123 -319 256 30
356 251 -107 -320 218 4
356 252 -81 -322 217 11
357 253 -80 -328 219 7
354 257 -77 -320 215 21
355 263 -84 -306 250 40
364 225 -123 -314 257 32
370 238 -168 -353 261 -52
363 253 -227 -353 262 -69
364 248 -249 -354 261 -136
362 204 -312 -358 239 -184
369 161 -356 -357 206 -235
364 118 -386 -359 155 -280
365 61 -395 -358 97 -314
351 22 -403 -364 43 -344
349 -6 -410 -371 -10 -354
348 -26 -415 -369 -41 -354
356 -51 -404 -369 -59 -357
356 -54 -405 -371 -78 -346
354 -56 -407 -371 -79 -346
355 -56 -406 -372 -79 -346
353 -44 -416 -371 -66 -349
349 -24 -420 -364 -19 -368
341 22 -431 -371 14 -362
340 78 -430 -369 73 -351
346 131 -405 -368 133 -335
351 171 -366 -375 185 -297
347 213 -328 -377 228 -253
363 241 -280 -370 269 -198
366 237 -238 -364 287 -147
378 250 -195 -347 331 -37
383 241 -114 -322 283 63
383 239 -110 -321 281 62
383 241 -112 -310 288 36
382 247 -131 -318 282 44
381 250 -135 -311 319 3
374 255 -150 -325 301 -53
344 269 -245 -339 257 -190
315 91 -397 -351 52 -338
306 36 -400 -352 -5 -344
311 6 -401 -356 -45 -359
311 -39 -396 -359 -93 -334
319 -63 -391 -358 -104 -334
317 -75 -395 -362 -120 -340
322 -85 -393 -361 -124 -344
322 -86 -396 -363 -123 -340
322 -83 -397 -361 -112 -342
326 -57 -400 -358 -59 -365
330 -13 -408 -355 -11 -365
332 39 -415 -353 48 -359
337 97 -408 -354 114 -337
341 143 -375 -359 174 -304
341 189 -332 -358 239 -266
358 242 -293 -350 252 -207
363 267 -205 -333 276 -113
368 252 -143 -304 323 -7
366 247 -125 -300 296 7
365 247 -107 -296 294 16
370 244 -95 -282 282 41
367 246 -99 -282 281 39
361 246 -108 -287 287 25
361 248 -117 -294 286 17
350 250 -144 -299 313 -31
352 250 -167 -310 293 -61
341 259 -216 -314 262 -119
326 209 -314 -329 254 -224
319 28 -424 -338 49 -357
319 -3 -425 -344 -2 -370
321 -36 -429 -346 -47 -380
331 -63 -422 -360 -94 -356
326 -21 -428 -356 -52 -365
326 6 -421 -357 -3 -354
328 65 -424 -353 53 -355
330 113 -402 -353 114 -325
326 150 -371 -353 172 -294
329 197 -337 -347 217 -255
339 261 -180 -310 289 -65
341 239 -151 -296 312 -10
338 240 -131 -287 311 5
331 231 -116 -282 313 23
339 230 -93 -270 263 40
334 229 -87 -291 284 69
330 229 -90 -272 262 46
330 230 -90 -272 265 42
334 236 -105 -273 271 29
328 245 -250 -304 261 -144
318 209 -298 -309 247 -173
302 163 -328 -304 219 -232
301 124 -362 -315 166 -265
293 90 -371 -317 118 -300
285 54 -393 -323 72 -326
290 28 -387 -326 21 -335
292 8 -392 -333 -8 -340
305 -22 -395 -335 -55 -342
306 -21 -396 -327 -45 -346
305 -11 -393 -316 -17 -351
295 25 -400 -320 23 -336
297 56 -396 -318 87 -344
298 112 -380 -310 137 -315
296 155 -358 -316 184 -275
301 200 -330 -305 240 -223
320 238 -288 -302 258 -176
327 252 -265 -311 261 -115
341 266 -213 -307 255 -93
343 263 -194 -309 260 -30
347 263 -171 -322 227 -45
350 237 -136 -289 263 5
350 236 -124 -284 256 26
356 236 -116 -282 260 30
356 236 -112 -282 261 32
356 237 -111 -281 263 28
349 273 -96 -289 272 5
347 279 -127 -294 272 -15
339 245 -166 -293 299 -69
340 272 -196 -298 278 -91
340 245 -253 -307 253 -155
331 219 -299 -309 249 -207
319 169 -333 -315 203 -250
324 126 -368 -320 165 -291
321 32 -387 -334 63 -351
327 -39 -387 -350 -66 -361
324 -32 -396 -351 -66 -360
315 26 -415 -359 -15 -361
322 51 -411 -365 37 -351
333 112 -404 -361 87 -335
334 139 -375 -359 152 -303
340 182 -342 -364 214 -266
347 233 -311 -355 244 -208
360 263 -265 -356 256 -164
359 285 -226 -350 266 -114
368 256 -193 -348 268 -93
371 258 -173 -319 315 -28
365 262 -154 -324 292 -20
357 263 -125 -320 292 -2
361 260 -109 -327 284 12
359 260 -108 -318 283 16
360 261 -107 -318 284 11
359 260 -114 -319 285 0
350 263 -152 -321 281 -19
361 264 -179 -325 260 -91
347 274 -234 -341 254 -127
347 253 -271 -336 260 -179
355 124 -376 -352 133 -305
357 74 -389 -352 83 -337
358 52 -399 -360 27 -345
363 2 -385 -370 -1 -359
372 -31 -372 -389 -49 -339
372 -33 -372 -388 -54 -333
375 -37 -369 -388 -55 -334
368 -20 -399 -382 -27 -359
368 -7 -392 -380 5 -358
367 44 -397 -374 57 -345
356 107 -409 -362 119 -335
360 149 -370 -359 172 -302
354 193 -333 -355 225 -259
363 240 -294 -348 275 -216
366 260 -253 -335 272 -158
378 247 -210 -331 278 -107
372 275 -186 -327 262 -84
375 247 -165 -308 332 -13
374 244 -147 -341 289 -38
373 241 -131 -312 288 -6
372 241 -125 -307 287 2
375 242 -119 -302 286 5
374 242 -119 -303 287 5
371 243 -122 -302 288 -1
367 244 -142 -312 252 -45
345 240 -175 -306 293 -61
348 243 -217 -311 267 -103
338 239 -246 -316 261 -153
293 -14 -417 -352 -10 -350
304 -41 -410 -355 -52 -347
302 -60 -415 -359 -83 -337
308 -70 -409 -360 -88 -334
309 -71 -407 -361 -90 -331
310 -67 -409 -361 -80 -339
312 -49 -410 -355 -41 -350
312 -10 -414 -353 8 -343
310 43 -412 -351 67 -341
324 108 -407 -349 134 -319
316 149 -369 -353 183 -275
328 192 -332 -343 239 -237
338 242 -290 -325 267 -175
340 270 -241 -315 297 -125
343 256 -192 -305 325 -79
346 254 -169 -289 325 -17
337 283 -115 -288 324 4
344 250 -107 -281 322 24
348 249 -104 -282 322 40
351 249 -102 -280 323 46
351 248 -99 -280 324 48
350 249 -102 -278 327 42
338 286 -98 -291 291 8
337 289 -130 -287 319 -18
339 251 -166 -300 298 -74
337 251 -201 -304 294 -100
331 246 -252 -321 250 -162
302 90 -405 -341 118 -336
300 -45 -412 -367 -49 -362
299 -45 -412 -361 -45 -370
295 -27 -421 -355 -24 -372
293 -9 -417 -345 19 -364
299 84 -403 -333 119 -337
342 280 -180 -328 308 -115
330 320 -140 -323 290 -75
330 298 -110 -332 273 -41
331 292 -70 -331 280 -32
328 290 -54 -336 277 -9
323 293 -93 -339 297 -47
354 164 -361 -346 156 -322
344 116 -395 -355 93 -351
346 59 -403 -358 34 -357
346 23 -407 -359 -13 -359
354 -21 -373 -363 -52 -333
352 -26 -375 -364 -57 -333
353 -32 -373 -365 -62 -330
353 -34 -374 -365 -65 -329
345 -24 -380 -355 -54 -346
346 7 -385 -348 -22 -355
352 45 -376 -342 30 -355
345 120 -404 -343 91 -355
348 163 -367 -337 158 -334
353 210 -330 -343 209 -292
359 267 -290 -348 262 -249
356 314 -240 -353 291 -195
366 303 -180 -345 301 -141
356 303 -156 -349 307 -87
364 300 -113 -348 330 -38
351 295 -79 -338 348 14
344 292 -72 -339 313 8
350 291 -54 -323 354 34
348 299 -81 -342 293 -29
348 302 -105 -333 331 -44
347 352 -134 -326 328 -98
350 341 -178 -332 299 -145
344 297 -231 -348 301 -206
353 252 -290 -354 270 -259
355 200 -330 -348 203 -304
348 148 -373 -356 154 -349
352 98 -395 -359 86 -372
350 -22 -389 -353 -35 -372
350 -23 -389 -351 -37 -372
343 9 -411 -337 -5 -382
337 200 -318 -312 217 -267
341 231 -269 -301 251 -219
338 235 -247 -284 276 -171
314 275 -95 -275 260 -20
313 277 -88 -273 260 -18
312 278 -85 -239 224 8
310 259 -85 -302 232 -53
325 260 -93 -289 268 -41
330 261 -113 -305 272 -82
331 262 -143 -313 271 -135
337 252 -190 -318 236 -155
331 251 -235 -311 244 -217
326 217 -283 -326 214 -264
330 165 -322 -333 169 -307
326 117 -358 -335 119 -338
331 63 -368 -334 65 -365
326 27 -373 -338 12 -365
322 -10 -380 -333 -26 -371
319 -33 -377 -336 -55 -369
316 -48 -382 -337 -67 -368
316 -53 -385 -340 -77 -364
315 -54 -384 -340 -77 -364
316 -53 -381 -338 -75 -364
317 -27 -379 -328 -45 -369
311 13 -385 -323 7 -367
307 69 -382 -322 64 -366
304 120 -377 -318 124 -338
310 164 -334 -318 189 -296
311 222 -302 -316 243 -249
331 242 -250 -320 247 -187
327 255 -225 -307 290 -134
333 266 -170 -311 292 -79
320 268 -148 -300 253 -124
321 263 -116 -319 255 -37
331 264 -105 -305 289 -8
335 262 -97 -292 335 8
331 261 -89 -304 288 6
331 261 -92 -325 255 -31
330 296 -87 -311 298 -32
337 276 -151 -321 303 -63
342 273 -167 -324 284 -121
331 251 -233 -326 260 -166
319 220 -286 -335 251 -228
325 -68 -394 -355 -86 -348
321 -49 -396 -325 -33 -371
325 63 -418 -333 84 -352
331 122 -401 -323 148 -327
324 166 -357 -320 200 -277
326 217 -324 -333 257 -230
330 245 -265 -330 267 -164
326 256 -171 -329 259 -74
322 260 -152 -321 258 -39
318 260 -115 -324 255 -23
303 297 -96 -287 331 20
322 259 -88 -284 327 38
327 259 -79 -282 291 30
333 260 -81 -300 298 22
343 261 -91 -306 296 16
372 263 -121 -304 335 -5
374 263 -142 -325 265 -66
398 260 -173 -315 301 -85
401 258 -221 -332 290 -155
398 241 -258 -341 267 -202
396 200 -309 -344 214 -249
389 148 -336 -341 159 -300
380 106 -377 -351 91 -322
370 47 -380 -352 25 -341
363 3 -374 -358 -31 -337
357 -36 -367 -360 -64 -343
357 -51 -363 -363 -86 -339
359 -61 -366 -363 -90 -340
359 -68 -368 -361 -97 -348
357 -68 -368 -362 -96 -344
354 -59 -371 -361 -79 -346
347 -15 -382 -357 -21 -345
349 8 -375 -355 38 -353
342 73 -390 -354 108 -342
352 293 -182 -320 349 -89
349 292 -139 -320 334 -43
359 261 -97 -311 316 -7
351 294 -69 -287 343 37
351 291 -47 -312 304 36
359 286 -1 -279 341 88
358 280 2 -320 241 54
358 275 6 -273 278 80
360 274 4 -285 335 87
356 281 -15 -284 333 71
354 287 -165 -307 304 -80
348 285 -189 -320 273 -135
341 250 -246 -318 264 -172
332 220 -297 -325 244 -232
326 171 -323 -328 189 -274
320 131 -367 -333 145 -316
324 85 -393 -339 85 -345
314 46 -409 -341 24 -354
319 -66 -412 -358 -104 -350
325 -73 -413 -357 -114 -355
340 -7 -412 -358 -27 -363
343 25 -411 -354 32 -363
340 85 -417 -354 91 -347
342 131 -391 -357 153 -326
350 274 -230 -323 275 -136
343 278 -187 -310 299 -83
344 266 -144 -323 260 -53
337 254 -99 -316 260 -33
350 248 -85 -273 331 50
347 242 -56 -269 323 71
343 249 -44 -270 327 97
345 237 -44 -269 326 102
350 240 -56 -269 324 104
349 238 -51 -271 326 102
328 255 -34 -272 326 100
335 251 -41 -289 326 45
346 248 -67 -288 322 26
345 247 -108 -314 257 -50
342 248 -147 -310 299 -88
338 251 -179 -316 289 -144
331 250 -244 -317 278 -198
333 210 -289 -325 221 -252
326 151 -328 -329 176 -296
322 116 -368 -336 121 -338
320 67 -397 -347 55 -357
307 13 -395 -351 1 -364
306 -5 -405 -354 -38 -367
306 -33 -414 -354 -65 -365
311 -47 -406 -355 -78 -367
311 -49 -405 -354 -82 -368
311 -49 -405 -353 -81 -368
309 -40 -411 -352 -62 -369
310 -15 -409 -350 -12 -377
303 32 -418 -346 33 -376
312 78 -406 -346 93 -352
316 124 -385 -337 147 -322
320 173 -348 -337 201 -278
323 218 -320 -328 243 -234
331 246 -271 -333 259 -173
336 253 -238 -323 271 -114
318 233 -188 -315 303 -80
309 229 -118 -283 326 87
299 166 -108 -280 324 98
331 224 -75 -280 322 99
309 239 -64 -285 296 70
290 249 -40 -294 261 49
322 231 -75 -286 275 15
327 233 -89 -306 282 -2
342 241 -117 -317 311 -53
341 247 -157 -321 291 -80
336 279 -176 -335 266 -140
335 246 -239 -338 261 -173
342 233 -270 -349 234 -234
324 188 -322 -355 198 -275
323 140 -349 -356 148 -314
318 100 -390 -358 83 -339
308 51 -398 -354 24 -353
312 4 -398 -365 -26 -358
313 -29 -397 -367 -64 -355
305 -65 -412 -371 -98 -343
306 -78 -414 -375 -110 -351
314 -91 -407 -375 -116 -350
318 -93 -403 -375 -116 -350
317 -89 -404 -375 -114 -351
314 -75 -402 -368 -74 -363
303 -21 -424 -368 -22 -368
301 27 -422 -366 43 -362
310 87 -405 -364 105 -333
319 140 -378 -359 163 -296
321 192 -337 -364 225 -256
334 237 -298 -362 262 -208
346 246 -241 -338 286 -151
339 259 -186 -330 271 -91
342 286 -155 -303 319 -52
341 247 -115 -312 293 -3
335 236 -97 -281 290 16
341 236 -88 -265 322 90
306 222 -76 -265 320 104
300 222 -69 -264 320 113
341 227 -49 -265 317 113
334 230 -56 -265 317 114
331 233 -64 -266 318 113
318 234 -73 -271 325 82
302 274 -72 -292 288 19
319 290 -134 -291 320 -3
328 257 -164 -311 301 -66
332 249 -225 -322 292 -126
329 234 -277 -333 252 -167
327 198 -314 -349 239 -236
332 141 -358 -352 178 -283
336 91 -395 -355 116 -322
338 37 -403 -356 48 -347
335 4 -410 -370 -11 -360
330 -32 -409 -361 -63 -345
328 -49 -414 -368 -93 -336
328 -66 -418 -372 -99 -336
328 -71 -418 -373 -109 -337
326 -72 -419 -374 -111 -338
328 -72 -417 -379 -111 -333
327 -60 -415 -376 -108 -336
323 -25 -419 -377 -81 -335
327 3 -415 -383 -23 -378
324 60 -420 -374 30 -359
316 111 -407 -365 91 -343
314 163 -385 -364 151 -309
316 199 -346 -360 206 -278
325 233 -305 -360 254 -231
326 257 -258 -340 273 -168
332 251 -211 -336 260 -124
324 283 -155 -315 296 -69
321 287 -123 -302 319 -9
318 278 -74 -288 326 15
320 279 -51 -267 330 70
339 243 -83 -266 327 84
307 229 -84 -264 322 96
307 228 -82 -263 226 40
326 233 -76 -272 291 102
336 237 -78 -262 317 112
327 233 -64 -265 283 59
324 242 -83 -280 291 42
330 250 -113 -294 294 13
330 255 -158 -309 259 -63
326 309 -198 -310 263 -105
319 262 -244 -312 260 -160
300 231 -299 -329 243 -230
292 190 -343 -329 188 -282
288 134 -374 -329 139 -322
276 51 -427 -341 15 -359
292 -33 -422 -358 -72 -378
297 -43 -423 -362 -94 -361
300 -46 -421 -362 -96 -358
301 -47 -422 -361 -96 -360
303 -39 -425 -358 -81 -367
294 6 -435 -357 -41 -366
305 37 -421 -352 7 -357
305 98 -413 -351 69 -349
307 136 -386 -350 137 -326
314 193 -350 -351 199 -290
315 233 -316 -343 247 -247
313 260 -260 -329 267 -185
321 216 -234 -323 275 -143
321 243 -175 -312 296 -83
321 246 -157 -320 255 -50
325 243 -132 -328 289 -42
322 237 -107 -303 283 11
310 272 -60 -301 278 24
336 207 -77 -289 270 39
332 268 -47 -288 270 45
355 210 -104 -285 270 44
321 237 -80 -283 271 41
330 252 -161 -303 314 -51
323 253 -233 -318 269 -148
303 206 -325 -337 241 -258
296 61 -411 -351 68 -357
287 28 -427 -357 12 -365
299 -49 -427 -369 -80 -377
299 -49 -428 -370 -80 -376
299 -48 -429 -371 -78 -376
296 -31 -431 -373 -50 -373
295 2 -426 -367 -8 -360
300 49 -419 -363 47 -358
302 109 -417 -364 106 -340
304 151 -379 -364 163 -304
304 206 -339 -360 211 -262
311 240 -287 -352 270 -225
322 277 -254 -345 274 -167
319 259 -190 -341 266 -112
322 261 -167 -331 295 -78
323 255 -123 -319 327 -17
318 254 -102 -324 298 -7
298 289 -166 -320 296 -85
299 287 -192 -321 262 -147
313 257 -252 -317 261 -195
313 233 -298 -329 220 -246
299 190 -334 -334 177 -281
299 135 -364 -344 134 -321
297 107 -388 -338 78 -341
300 59 -404 -340 28 -338
291 35 -422 -349 6 -345
301 -2 -411 -349 -21 -351
302 -11 -413 -354 -35 -348
300 -21 -416 -354 -39 -349
296 -19 -420 -355 -26 -349
283 1 -422 -349 9 -346
281 45 -418 -350 62 -354
284 93 -402 -343 115 -335
283 137 -391 -338 160 -302
291 186 -353 -340 199 -267
309 254 -265 -335 261 -182
316 239 -181 -319 294 -85
337 233 -105 -300 273 17
315 263 -65 -301 271 15
331 271 -88 -303 270 8
325 239 -130 -310 280 -20
323 243 -149 -307 283 -65
313 242 -172 -311 284 -81
295 230 -274 -329 264 -174
287 142 -335 -349 178 -263
284 118 -372 -348 135 -296
304 -45 -389 -364 -63 -332
305 -48 -389 -364 -71 -329
304 -48 -391 -365 -71 -329
299 -43 -393 -365 -68 -329
295 -17 -407 -365 -41 -337
283 19 -411 -362 9 -331
286 60 -409 -358 58 -330
293 110 -399 -354 113 -313
292 155 -372 -352 166 -288
307 201 -332 -353 214 -254
316 242 -291 -355 255 -206
328 254 -244 -342 269 -153
338 259 -198 -337 289 -97
343 250 -168 -325 314 -61
321 198 -111 -295 322 86
323 200 -111 -302 262 71
330 236 -72 -292 277 18
326 236 -80 -306 284 15
326 240 -111 -307 285 13
319 241 -136 -308 290 -46
303 263 -182 -315 282 -82
298 243 -231 -315 258 -138
272 -7 -410 -343 -16 -341
298 -46 -399 -349 -58 -349
298 -48 -401 -353 -69 -347
298 -48 -401 -352 -70 -351
299 -43 -405 -351 -66 -350
300 -18 -422 -353 -35 -355
290 6 -421 -351 8 -344
302 46 -423 -351 58 -351
298 178 -355 -346 216 -270
319 226 -328 -352 258 -222
324 258 -286 -346 266 -188
334 256 -196 -331 270 -103
334 256 -179 -329 262 -62
329 250 -152 -320 293 -33
324 246 -94 -324 282 27
323 246 -92 -318 282 27
322 246 -93 -319 283 24
320 247 -100 -311 287 5
320 250 -110 -311 283 -2
314 249 -137 -307 287 -57
306 245 -167 -308 281 -68
305 241 -180 -301 272 -122
293 252 -230 -311 264 -153
285 243 -249 -309 239 -188
271 177 -313 -310 158 -258
243 63 -381 -311 27 -319
252 22 -385 -311 -6 -328
245 -5 -402 -323 -45 -340
241 -32 -412 -322 -67 -353
264 -82 -406 -329 -103 -344
266 -84 -408 -331 -102 -346
268 -82 -408 -333 -84 -370
269 -67 -411 -337 -65 -369
275 -29 -421 -346 -27 -364
270 -1 -424 -344 14 -356
274 45 -419 -345 62 -343
289 80 -402 -347 112 -322
285 130 -376 -349 161 -295
292 158 -343 -347 206 -272
316 182 -300 -345 237 -215
309 220 -265 -343 262 -181
322 238 -218 -333 269 -122
317 244 -186 -336 266 -96
331 252 -156 -330 257 -47
312 261 -107 -325 259 -24
337 194 -102 -331 282 53
342 231 -71 -315 256 67
349 216 -72 -309 255 71
349 215 -70 -301 249 79
350 215 -67 -306 247 85
333 216 -88 -307 247 80
360 221 -78 -316 257 63
339 225 -100 -298 266 13
346 230 -114 -323 279 -19
348 269 -159 -334 283 -55
334 251 -177 -323 282 -78
346 246 -227 -335 255 -145
343 239 -246 -334 249 -174
339 208 -297 -340 231 -233
329 183 -331 -340 175 -252
332 137 -361 -341 140 -296
327 122 -382 -349 96 -325
325 78 -399 -348 65 -337
322 53 -410 -349 22 -350
319 25 -415 -351 -1 -347
320 7 -415 -359 -23 -350
317 -5 -423 -359 -34 -351
317 -11 -422 -360 -38 -351
316 -16 -420 -362 -40 -351
313 -16 -420 -363 -40 -351
307 73 -428 -361 72 -337
310 100 -415 -361 113 -300
314 128 -384 -364 162 -285
316 173 -359 -358 190 -250
334 252 -238 -351 240 -88
328 266 -188 -342 271 -74
332 270 -175 -328 269 -16
332 244 -147 -337 267 -25
335 240 -128 -331 264 -5
335 240 -120 -287 234 45
331 235 -107 -286 240 45
337 237 -95 -287 245 45
332 238 -98 -285 249 34
328 243 -139 -312 269 -59
325 241 -156 -310 265 -78
329 240 -194 -304 261 -119
316 241 -226 -310 256 -153
317 235 -244 -325 244 -198
304 202 -299 -314 212 -230
303 179 -322 -320 185 -256
298 140 -352 -324 147 -291
292 113 -386 -334 122 -317
295 93 -405 -337 88 -332
288 70 -418 -336 59 -349
282 45 -431 -336 39 -352
283 35 -430 -336 24 -358
282 30 -432 -338 16 -357
282 29 -433 -339 15 -358
280 31 -434 -340 15 -358
278 51 -431 -342 34 -357
281 89 -428 -346 72 -344
284 114 -414 -351 120 -318
290 140 -383 -351 164 -294
284 191 -360 -349 202 -255
295 221 -330 -348 237 -206
313 258 -285 -356 268 -163
322 253 -250 -346 253 -99
324 250 -206 -346 250 -82
319 252 -175 -334 238 -35
329 254 -142 -327 236 -9
333 248 -113 -323 221 25
348 231 -50 -315 209 80
344 210 -28 -307 197 93
346 204 -83 -307 209 55
342 205 -99 -315 219 27
339 230 -82 -325 237 -6
350 239 -118 -330 243 -35
342 244 -147 -341 245 -85
333 243 -190 -345 240 -117
340 256 -250 -339 254 -160
330 228 -299 -350 254 -204
319 191 -343 -350 224 -257
313 139 -384 -347 177 -306
302 102 -420 -348 131 -347
287 -61 -462 -346 -53 -420
288 -80 -455 -347 -81 -420
293 -92 -459 -347 -100 -418
298 -102 -454 -346 -112 -409
298 -101 -454 -347 -105 -415
299 -82 -459 -345 -82 -419
295 -40 -480 -345 -45 -408
293 -5 -480 -343 4 -405
307 40 -458 -342 44 -387
313 92 -431 -345 100 -362
313 124 -404 -350 147 -326
323 173 -348 -344 190 -281
336 222 -307 -351 228 -224
339 241 -261 -357 260 -187
343 275 -209 -345 246 -129
347 268 -184 -347 277 -92
352 247 -145 -330 271 -32
350 249 -124 -329 278 -14
353 250 -103 -314 305 21
344 246 -60 -297 244 66
352 249 -63 -295 241 73
352 248 -58 -291 238 77
352 250 -56 -281 232 81
352 251 -57 -288 242 74
339 250 -62 -292 262 34
342 255 -82 -332 269 -15
357 261 -125 -307 282 -31
332 289 -164 -319 286 -83
358 271 -211 -313 283 -131
347 274 -267 -314 269 -183
345 231 -318 -332 236 -231
337 179 -351 -336 194 -267
333 130 -388 -341 149 -302
336 83 -411 -341 99 -324
333 45 -421 -343 53 -348
328 -9 -424 -349 -10 -351
320 -21 -434 -358 -33 -362
312 109 -422 -348 136 -342
312 152 -399 -352 182 -316
315 193 -361 -357 233 -277
320 222 -320 -355 255 -229
329 254 -277 -348 287 -178
337 259 -250 -336 286 -133
339 251 -192 -324 298 -97
343 250 -178 -312 296 -55
333 286 -117 -317 295 -32
339 249 -110 -317 295 -14
335 238 -83 -307 285 28
336 236 -80 -291 273 54
341 233 -72 -285 269 65
360 231 -55 -284 267 71
364 230 -66 -299 265 79
348 249 -141 -299 317 -40
319 215 -308 -325 217 -231
310 187 -328 -332 187 -258
307 119 -379 -343 113 -313
308 81 -387 -349 70 -319
312 55 -386 -350 43 -318
318 30 -383 -355 21 -325
310 18 -394 -357 6 -333
310 6 -400 -360 -7 -331
312 -2 -405 -360 -12 -333
307 111 -417 -361 155 -313
311 140 -397 -368 206 -283
316 187 -355 -367 239 -242
323 221 -331 -362 274 -196
342 251 -287 -354 305 -162
344 258 -263 -344 303 -100
354 303 -205 -335 325 -78
351 250 -172 -326 299 -24
341 284 -124 -317 299 -11
345 248 -113 -301 294 30
345 236 -79 -283 282 56
355 235 -94 -273 323 104
345 231 -67 -271 322 106
330 242 -36 -267 321 112
333 218 -59 -265 320 114
339 220 -58 -265 321 114
322 223 -79 -266 320 108
346 228 -72 -272 324 87
344 231 -104 -294 291 22
335 237 -109 -291 318 7
324 242 -144 -309 304 -49
343 247 -175 -308 299 -80
333 255 -227 -317 273 -138
327 269 -260 -316 262 -176
322 219 -316 -327 243 -232
309 173 -347 -331 199 -263
317 133 -377 -336 158 -298
312 106 -404 -341 109 -330
312 59 -412 -346 63 -351
306 39 -422 -347 24 -354
307 -12 -413 -357 -34 -369
305 -23 -422 -359 -53 -371
308 -31 -420 -359 -62 -374
307 -32 -423 -359 -65 -375
307 -30 -426 -360 -65 -376
306 -21 -425 -361 -47 -382
297 19 -441 -359 -10 -381
302 38 -437 -355 32 -376
306 90 -425 -357 74 -360
309 114 -413 -353 125 -344
309 144 -386 -353 150 -320
306 190 -351 -357 208 -282
313 212 -326 -361 250 -252
321 236 -274 -348 260 -201
325 252 -243 -335 275 -167
318 233 -134 -324 293 -67
308 273 -98 -301 294 -31
314 242 -92 -275 332 1
332 232 -86 -268 329 22
304 224 -92 -266 328 42
303 224 -89 -264 330 55
306 225 -90 -269 298 42
330 230 -89 -299 258 15
334 231 -101 -264 328 33
314 232 -94 -267 330 27
314 234 -114 -271 289 9
323 247 -226 -301 303 -104
287 134 -377 -329 185 -284
285 103 -409 -337 147 -316
278 65 -421 -347 101 -338
283 36 -425 -348 55 -359
277 9 -422 -354 28 -362
276 -5 -431 -357 -2 -374
279 -13 -432 -365 -15 -378
283 -18 -432 -364 -26 -377
280 -19 -436 -368 -29 -383
279 -14 -434 -373 -24 -388
278 11 -438 -377 -3 -389
280 65 -425 -380 81 -373
310 218 -309 -366 246 -236
322 242 -266 -361 267 -183
326 267 -210 -358 293 -126
331 244 -182 -353 293 -86
338 226 -135 -353 289 -27
338 224 -94 -337 279 33
329 198 -84 -335 268 49
345 188 -79 -333 256 79
347 167 -90 -328 268 66
344 222 -92 -316 277 35
342 223 -103 -328 288 10
338 229 -128 -337 259 -46
331 231 -169 -326 298 -71
313 249 -222 -334 272 -128
300 237 -242 -332 265 -156
287 209 -300 -330 249 -223
256 59 -401 -344 76 -351
257 26 -412 -346 41 -365
255 7 -411 -352 -11 -369
264 -21 -423 -351 -40 -385
267 -31 -424 -362 -62 -379
268 -38 -431 -363 -74 -373
271 -42 -428 -364 -74 -373
272 -39 -429 -364 -71 -374
280 -22 -421 -362 -47 -374
272 11 -421 -367 0 -368
282 47 -417 -363 50 -370
293 95 -407 -363 107 -353
297 131 -383 -359 153 -320
302 184 -362 -355 203 -280
329 248 -282 -341 262 -186
344 239 -167 -324 315 -14
346 232 -127 -323 316 17
349 229 -91 -316 282 36
346 230 -96 -322 290 14
336 238 -130 -320 296 -13
341 239 -151 -315 296 -70
343 240 -173 -315 292 -84
339 257 -220 -322 259 -154
327 245 -251 -317 264 -190
284 50 -414 -336 12 -378
277 5 -424 -342 -32 -383
280 -9 -430 -344 -43 -380
286 -4 -423 -349 -29 -375
293 25 -426 -349 7 -375
306 58 -425 -351 60 -364
304 102 -417 -343 124 -356
305 127 -390 -345 161 -315
314 183 -357 -338 212 -281
324 237 -180 -305 285 -90
315 225 -138 -297 289 -31
314 254 -99 -294 285 -14
339 237 -67 -307 282 -19
338 239 -67 -293 277 15
338 241 -65 -292 277 20
302 252 -84 -289 277 16
300 249 -82 -290 279 11
323 221 -130 -299 277 14
323 228 -151 -294 315 -41
310 231 -175 -299 291 -75
312 235 -253 -303 274 -157
298 203 -301 -307 256 -213
275 57 -402 -320 74 -347
273 14 -419 -328 18 -350
279 -10 -419 -337 -15 -350
281 -36 -419 -340 -43 -347
286 -50 -420 -341 -58 -349
288 -57 -418 -342 -64 -346
288 -57 -418 -343 -65 -345
288 -55 -417 -342 -61 -346
285 -28 -422 -336 -22 -359
278 11 -423 -338 10 -353
284 61 -413 -339 67 -352
284 108 -397 -334 129 -339
279 151 -370 -336 180 -305
289 193 -322 -342 230 -263
312 243 -276 -338 257 -202
321 254 -219 -329 269 -150
322 237 -185 -328 323 -90
325 228 -137 -317 317 -32
343 229 -131 -315 294 1
324 236 -77 -298 260 41
344 221 -49 -312 253 74
350 216 -68 -312 255 79
347 209 -62 -312 256 83
345 209 -62 -269 231 93
346 209 -62 -268 233 91
301 211 -99 -305 263 70
335 221 -91 -287 272 34
333 225 -122 -302 277 14
321 225 -120 -296 283 -15
319 232 -167 -288 318 -75
284 134 -339 -316 184 -280
272 30 -390 -344 15 -327
279 2 -395 -347 -11 -328
280 -9 -402 -350 -33 -333
284 -23 -402 -352 -47 -334
275 11 -405 -345 4 -340
266 52 -409 -347 58 -355
278 132 -367 -343 158 -313
276 159 -351 -340 211 -277
293 201 -313 -327 243 -236
298 229 -270 -324 258 -184
301 230 -248 -325 277 -135
306 226 -194 -323 282 -84
305 225 -177 -315 288 -64
344 221 -112 -295 279 7
346 216 -109 -295 271 34
343 216 -97 -294 270 35
348 218 -113 -301 279 17
312 232 -110 -315 287 -7
319 234 -146 -315 292 -60
318 239 -173 -316 291 -92
314 253 -228 -324 278 -149
303 224 -253 -330 263 -180
300 201 -310 -343 234 -234
298 171 -339 -342 191 -268
281 20 -414 -361 26 -347
275 0 -422 -361 -5 -355
285 -31 -421 -366 -43 -345
284 -34 -422 -365 -47 -347
282 -17 -424 -361 -7 -355
277 18 -423 -359 44 -356
280 59 -416 -357 83 -347
288 96 -396 -354 140 -330
292 182 -335 -359 234 -256
314 229 -291 -362 257 -209
319 234 -263 -355 272 -160
343 233 -138 -331 289 -19
334 264 -100 -343 286 12
344 252 -65 -348 268 54
345 218 -85 -312 253 72
325 223 -53 -332 229 34
328 184 -66 -285 240 72
327 184 -68 -321 191 19
328 181 -73 -319 190 19
327 179 -82 -321 191 16
327 220 -97 -324 195 -2
330 222 -112 -323 203 -10
327 236 -138 -325 207 -39
310 244 -176 -333 295 -87
308 246 -200 -337 273 -141
296 238 -263 -336 258 -188
285 215 -303 -345 232 -243
280 165 -335 -343 174 -269
265 133 -358 -343 136 -311
259 90 -392 -352 80 -329
259 60 -400 -351 37 -328
262 28 -396 -355 11 -332
261 16 -397 -357 -19 -321
261 -1 -402 -359 -26 -323
264 -6 -403 -358 -30 -325
266 -7 -404 -358 -30 -323
262 0 -404 -360 -11 -330
261 21 -409 -359 21 -330
262 50 -408 -356 71 -336
270 93 -396 -355 120 -326
274 127 -375 -358 171 -303
276 162 -352 -363 217 -268
294 197 -314 -367 254 -230
310 236 -281 -370 267 -179
319 243 -258 -366 271 -155
331 261 -207 -362 263 -100
335 264 -187 -354 289 -53
342 231 -172 -353 289 -38
351 227 -137 -343 284 -5
354 225 -125 -335 278 20
