333 -633 277 94 -608 -438
358 -633 252 62 -614 -454
361 -629 211 20 -611 -466
386 -637 123 -81 -632 -465
391 -638 88 -128 -644 -441
369 -656 42 -184 -677 -425
332 -663 -36 -297 -678 -256
330 -683 -64 -321 -702 -207
343 -698 -107 -332 -705 -161
304 -398 -476 -348 -681 -19
272 -312 -424 -351 -676 -11
258 -173 -506 -352 -681 -3
219 -26 -510 -373 -713 4
210 -15 -389 -363 -715 14
194 10 -310 -351 -722 28
184 2 -253 -342 -726 24
147 92 -216 -336 -727 21
111 33 -208 -328 -736 11
165 15 -270 -320 -735 4
174 35 -341 -312 -736 -12
186 63 -415 -307 -729 -26
197 73 -495 -299 -732 -48
206 61 -552 -295 -733 -70
212 54 -562 -286 -726 -104
211 60 -551 -286 -724 -119
180 97 -483 -285 -688 -131
165 98 -402 -295 -694 -156
160 92 -323 -292 -677 -163
113 176 -245 -289 -644 -161
143 101 -215 -286 -646 -162
149 100 -209 -285 -648 -162
141 98 -208 -284 -649 -161
200 91 -532 -301 -711 -123
194 68 -570 -304 -728 -90
189 105 -199 -274 -709 -37
184 87 -198 -269 -711 -32
102 141 -196 -267 -708 -26
98 142 -350 -267 -709 -20
160 80 -380 -270 -719 -20
148 69 -510 -273 -723 -18
134 58 -563 -283 -722 -19
128 49 -589 -287 -723 -21
121 40 -597 -295 -721 -24
114 37 -588 -303 -721 -26
100 49 -527 -304 -709 -26
90 54 -458 -312 -708 -26
59 145 -409 -316 -698 -27
68 123 -359 -316 -697 -29
88 114 -306 -312 -689 -27
146 15 -283 -309 -689 -27
151 13 -284 -301 -688 -28
109 112 -329 -298 -690 -24
163 27 -360 -294 -697 -15
161 42 -415 -295 -694 -13
154 41 -472 -294 -695 -10
142 31 -522 -292 -696 -6
133 19 -560 -291 -698 -6
125 14 -577 -290 -698 -2
125 15 -577 -289 -698 0
110 25 -539 -291 -697 1
102 31 -353 -297 -696 13
103 80 -249 -290 -694 20
146 1 -298 -291 -692 22
125 35 -501 -291 -710 12
115 48 -490 -298 -709 -15
111 66 -422 -299 -699 -16
122 50 -362 -299 -693 -18
77 118 -313 -300 -698 -19
105 78 -267 -300 -699 -19
111 76 -238 -292 -695 -21
113 76 -237 -290 -696 -22
159 63 -267 -291 -712 -25
93 112 -306 -290 -712 -26
127 66 -502 -290 -715 -29
125 62 -522 -293 -712 -30
76 58 -277 -307 -712 -25
90 41 -236 -302 -715 -24
121 -14 -257 -296 -710 -20
125 -14 -265 -295 -713 -19
100 32 -304 -297 -720 -19
58 103 -343 -298 -721 -19
100 50 -394 -298 -715 -18
100 64 -454 -296 -712 -19
114 53 -522 -295 -714 -23
128 32 -568 -293 -713 -34
108 48 -513 -291 -696 -35
92 69 -452 -297 -691 -44
79 78 -241 -298 -700 -56
81 57 -258 -295 -698 -54
81 51 -259 -293 -697 -54
60 79 -253 -292 -695 -53
51 96 -322 -289 -699 -53
58 102 -428 -285 -699 -52
95 141 -488 -283 -700 -49
109 85 -546 -279 -704 -46
106 82 -570 -279 -711 -48
107 82 -599 -282 -709 -49
107 60 -547 -290 -708 -51
87 80 -487 -294 -706 -54
76 86 -418 -300 -710 -54
53 140 -310 -305 -710 -51
96 74 -291 -303 -712 -48
103 84 -268 -291 -715 -35
78 142 -320 -287 -713 -33
87 82 -369 -286 -716 -32
105 72 -448 -282 -719 -32
115 69 -506 -277 -715 -31
126 58 -567 -276 -715 -32
136 42 -597 -275 -716 -35
139 36 -610 -275 -715 -37
140 35 -611 -274 -714 -39
138 36 -593 -274 -713 -42
121 51 -534 -277 -711 -43
119 21 -338 -286 -695 -40
139 -2 -287 -285 -698 -38
120 57 -284 -282 -696 -36
126 42 -305 -280 -697 -33
127 104 -344 -276 -705 -22
170 51 -379 -276 -718 -22
187 60 -472 -275 -720 -20
195 52 -511 -280 -719 -20
209 41 -542 -284 -719 -21
218 32 -563 -284 -719 -23
218 28 -566 -286 -717 -26
217 25 -562 -287 -716 -30
199 36 -514 -285 -715 -35
178 47 -463 -283 -714 -41
169 41 -409 -281 -708 -48
165 31 -354 -278 -702 -49
163 22 -314 -275 -699 -52
168 16 -295 -271 -699 -53
172 11 -283 -269 -702 -54
182 9 -282 -260 -704 -55
199 48 -414 -245 -708 -46
192 56 -469 -253 -709 -36
222 36 -518 -251 -712 -34
226 25 -569 -259 -713 -31
233 9 -594 -268 -713 -27
234 0 -612 -271 -713 -29
236 -3 -615 -273 -712 -30
233 -3 -617 -278 -712 -33
223 7 -596 -285 -711 -36
157 7 -375 -312 -697 -47
158 3 -334 -303 -707 -48
156 2 -312 -295 -711 -46
201 44 -327 -253 -728 -17
211 67 -534 -264 -728 -18
214 55 -584 -270 -728 -23
201 40 -623 -279 -727 -28
195 32 -640 -286 -726 -31
190 26 -645 -287 -697 -33
179 26 -644 -295 -695 -36
155 28 -618 -299 -693 -35
137 28 -580 -306 -691 -37
120 31 -539 -315 -709 -41
104 30 -478 -317 -703 -41
132 -21 -331 -310 -697 -40
135 -20 -326 -305 -699 -39
140 -18 -324 -302 -705 -32
140 -15 -326 -297 -710 -26
139 -4 -360 -293 -711 -19
131 13 -398 -291 -713 -11
125 23 -448 -292 -712 -9
121 19 -501 -291 -713 -6
124 9 -554 -292 -714 -5
123 1 -602 -291 -703 -2
119 -10 -639 -292 -702 -2
122 -31 -667 -297 -699 0
122 -39 -678 -303 -715 -2
122 -44 -685 -306 -715 -3
121 -44 -685 -310 -714 -5
81 -14 -612 -320 -708 -19
68 -4 -496 -326 -707 -23
88 -11 -383 -318 -706 -21
111 -16 -335 -311 -708 -21
121 -18 -317 -306 -698 -19
139 -17 -293 -304 -706 -18
142 -16 -290 -301 -705 -16
141 -14 -293 -298 -702 -11
133 -4 -316 -296 -704 -8
121 13 -364 -293 -705 -4
106 33 -410 -294 -703 4
96 34 -462 -296 -709 8
97 14 -520 -297 -711 8
98 -1 -571 -300 -713 8
100 -18 -602 -300 -712 5
101 -28 -612 -301 -708 1
102 -31 -614 -301 -707 -1
97 -29 -611 -303 -705 -6
83 -7 -559 -302 -702 -10
76 9 -502 -305 -701 -15
79 22 -434 -301 -689 -16
85 18 -376 -300 -689 -16
81 70 -351 -299 -686 -15
86 53 -316 -294 -687 -14
83 64 -276 -291 -689 -8
88 65 -271 -291 -692 -3
123 17 -302 -290 -694 4
74 127 -319 -289 -699 11
122 46 -365 -292 -715 19
120 55 -403 -293 -717 21
124 54 -461 -293 -717 19
138 44 -512 -292 -717 17
151 35 -552 -296 -720 16
154 22 -589 -298 -722 14
156 15 -604 -300 -722 10
157 8 -610 -302 -722 6
155 7 -609 -306 -721 1
144 9 -596 -308 -720 -4
124 18 -555 -309 -718 -10
130 6 -289 -308 -707 -26
132 9 -286 -306 -706 -26
129 28 -337 -302 -708 -26
114 44 -430 -302 -710 -24
105 42 -478 -299 -696 -22
110 13 -562 -302 -713 -22
106 -7 -567 -308 -717 -23
88 27 -337 -307 -712 -16
72 70 -295 -303 -713 -10
87 77 -250 -301 -716 -9
89 77 -245 -299 -715 -8
80 61 -258 -297 -715 -8
70 91 -290 -295 -709 -7
59 110 -336 -294 -699 -5
96 35 -368 -294 -698 -7
82 54 -414 -295 -698 -7
81 45 -472 -293 -700 -10
91 21 -531 -294 -700 -11
83 2 -592 -295 -699 -14
83 -29 -638 -295 -700 -18
89 -54 -653 -295 -714 -22
93 -66 -659 -293 -713 -27
89 -70 -658 -294 -714 -28
71 -61 -641 -299 -713 -29
53 -43 -602 -301 -712 -27
67 64 -260 -288 -701 14
70 66 -267 -288 -703 18
55 47 -317 -295 -708 20
95 0 -343 -299 -708 24
79 33 -384 -304 -709 25
67 25 -438 -308 -709 24
58 15 -497 -309 -706 22
70 -11 -543 -308 -707 20
80 -34 -590 -311 -719 15
88 -67 -608 -299 -715 -20
77 -56 -573 -296 -700 -20
62 -34 -531 -294 -698 -22
80 -42 -308 -273 -701 -7
90 -53 -297 -275 -720 -2
95 -54 -291 -268 -701 6
114 -47 -331 -269 -706 20
112 -25 -368 -269 -707 22
106 -37 -571 -292 -731 12
104 -51 -593 -296 -730 2
95 -77 -619 -296 -725 -20
88 -88 -608 -289 -702 -30
71 -72 -522 -283 -699 -38
58 -46 -471 -280 -699 -37
64 -28 -415 -277 -700 -36
75 -30 -358 -276 -702 -35
91 -24 -306 -274 -704 -33
88 -15 -264 -274 -704 -32
108 -26 -255 -270 -704 -29
140 -59 -261 -270 -706 -23
95 10 -302 -269 -708 -15
118 -6 -271 -273 -713 -5
115 -13 -312 -280 -716 9
100 -8 -354 -289 -715 17
75 13 -407 -297 -709 17
77 12 -459 -298 -709 18
119 -25 -597 -303 -728 7
121 -27 -601 -305 -726 3
84 -6 -579 -307 -725 -13
22 22 -447 -315 -700 -13
30 35 -276 -276 -709 -9
31 36 -278 -275 -709 -8
61 48 -249 -278 -712 -6
115 2 -259 -279 -712 -2
69 9 -520 -304 -736 16
102 -63 -634 -302 -737 12
96 -30 -555 -301 -699 -11
90 0 -504 -300 -695 -14
92 11 -438 -300 -695 -15
97 14 -377 -301 -695 -14
108 16 -327 -295 -697 -15
199 24 -271 -281 -703 1
136 6 -317 -281 -702 5
120 22 -349 -282 -701 6
87 38 -395 -292 -706 13
42 16 -547 -313 -727 16
40 -1 -572 -312 -710 15
41 -9 -585 -314 -726 12
43 -9 -588 -313 -707 9
43 -9 -583 -317 -705 0
41 10 -534 -321 -705 -5
41 24 -490 -321 -704 -10
35 37 -435 -317 -703 -13
52 32 -393 -313 -700 -16
69 8 -358 -306 -696 -16
51 60 -342 -301 -694 -15
64 87 -291 -297 -692 -14
73 78 -266 -287 -693 -12
48 93 -282 -285 -694 -11
93 23 -309 -283 -698 -11
44 90 -346 -287 -701 -10
53 31 -561 -300 -709 -2
68 62 -546 -308 -725 -10
64 72 -505 -310 -725 -11
56 82 -445 -312 -728 -10
60 71 -388 -306 -701 -5
65 52 -348 -306 -701 -4
39 92 -312 -302 -700 -4
63 70 -279 -296 -701 -1
88 69 -234 -291 -703 -1
98 68 -228 -287 -702 2
102 70 -229 -287 -701 2
68 92 -264 -287 -701 3
59 106 -286 -289 -704 5
58 110 -341 -291 -707 10
85 81 -368 -293 -707 11
82 73 -417 -296 -706 10
82 75 -458 -297 -704 8
96 57 -514 -286 -705 0
100 47 -562 -294 -729 -6
101 42 -568 -295 -727 -9
99 40 -556 -300 -721 -16
91 64 -508 -304 -723 -18
90 80 -458 -305 -721 -17
81 86 -396 -306 -716 -12
89 86 -339 -309 -716 -9
56 168 -287 -309 -716 -9
76 94 -254 -308 -713 -7
83 71 -255 -307 -711 -7
84 65 -253 -306 -710 -5
86 65 -254 -305 -708 -5
87 65 -254 -305 -709 -5
77 178 -255 -307 -710 -6
70 172 -284 -309 -711 -7
114 48 -339 -309 -710 -6
89 148 -414 -309 -711 -6
100 79 -440 -307 -711 -7
110 57 -496 -306 -713 -11
119 50 -539 -304 -717 -19
127 25 -584 -303 -721 -24
135 13 -590 -302 -713 -28
138 8 -590 -301 -710 -33
139 9 -578 -303 -704 -37
134 24 -527 -302 -700 -43
121 44 -478 -301 -700 -48
118 49 -361 -304 -699 -48
123 43 -300 -304 -699 -47
127 20 -268 -304 -701 -47
119 72 -237 -304 -702 -45
125 73 -221 -304 -703 -41
107 82 -213 -304 -705 -38
109 89 -220 -304 -708 -32
125 103 -269 -302 -716 -30
156 74 -317 -301 -717 -29
167 74 -362 -302 -721 -28
178 83 -417 -300 -729 -33
190 84 -477 -296 -711 -33
208 99 -514 -290 -703 -75
99 192 -256 -290 -696 -81
99 126 -216 -288 -697 -81
106 120 -214 -286 -716 -81
110 118 -214 -281 -718 -75
143 103 -373 -269 -733 -50
137 107 -429 -268 -737 -44
152 98 -489 -269 -737 -39
177 76 -540 -270 -741 -39
220 50 -590 -272 -741 -40
227 56 -577 -276 -738 -41
212 71 -535 -278 -737 -42
196 85 -487 -278 -737 -42
169 90 -437 -281 -735 -42
151 89 -382 -281 -734 -41
151 69 -329 -281 -734 -40
104 113 -297 -284 -734 -37
116 74 -258 -285 -733 -38
117 65 -227 -282 -726 -35
103 88 -231 -280 -724 -35
107 90 -236 -279 -727 -35
135 59 -231 -277 -726 -35
157 55 -358 -271 -719 -35
161 61 -409 -274 -726 -38
220 17 -566 -274 -728 -42
234 0 -588 -274 -728 -46
241 -13 -598 -275 -729 -51
244 -14 -595 -273 -713 -56
241 -3 -572 -275 -726 -64
216 16 -526 -274 -722 -66
201 34 -472 -275 -721 -67
185 42 -418 -274 -718 -69
166 49 -363 -272 -716 -68
160 48 -307 -271 -714 -68
168 31 -276 -271 -716 -68
161 79 -259 -270 -716 -65
175 25 -238 -266 -718 -58
171 82 -227 -265 -722 -54
177 25 -242 -263 -721 -50
133 109 -273 -263 -715 -43
164 68 -304 -263 -716 -39
173 73 -358 -266 -714 -37
172 86 -396 -267 -713 -37
180 88 -442 -268 -716 -38
191 83 -491 -270 -717 -41
197 74 -515 -272 -717 -42
202 66 -530 -273 -717 -45
201 66 -530 -276 -723 -50
180 85 -491 -277 -723 -52
162 93 -437 -277 -723 -54
141 102 -375 -281 -719 -59
137 89 -316 -281 -716 -62
97 137 -283 -281 -714 -61
133 86 -212 -282 -712 -60
139 79 -195 -281 -713 -61
118 97 -189 -281 -714 -59
117 99 -194 -281 -714 -57
120 114 -233 -279 -704 -53
120 135 -287 -278 -712 -52
156 94 -340 -279 -714 -51
167 93 -397 -280 -717 -50
178 84 -451 -281 -719 -50
191 63 -508 -281 -719 -51
209 36 -533 -281 -722 -53
210 23 -544 -281 -722 -54
217 20 -549 -274 -723 -58
201 23 -531 -274 -722 -60
170 45 -487 -276 -723 -59
151 54 -432 -278 -717 -60
139 69 -377 -279 -713 -59
134 68 -320 -280 -711 -57
91 120 -279 -280 -711 -57
119 95 -254 -281 -712 -57
143 88 -225 -281 -713 -54
159 68 -177 -281 -713 -52
159 72 -179 -279 -706 -47
161 29 -247 -280 -715 -46
116 119 -266 -276 -707 -43
150 81 -310 -274 -707 -40
158 85 -355 -274 -715 -40
160 95 -408 -274 -716 -39
174 90 -453 -275 -717 -39
184 80 -495 -276 -718 -41
198 64 -528 -275 -721 -43
211 55 -548 -274 -720 -45
219 45 -555 -275 -720 -49
219 44 -552 -277 -720 -53
190 65 -512 -277 -717 -60
168 76 -462 -278 -716 -61
140 82 -398 -280 -716 -61
137 69 -347 -280 -713 -60
110 100 -314 -281 -712 -58
137 29 -266 -280 -707 -56
136 75 -288 -280 -707 -54
150 89 -255 -281 -711 -53
147 26 -237 -279 -713 -50
111 141 -319 -278 -716 -42
160 87 -354 -279 -716 -42
162 101 -384 -280 -717 -41
173 97 -433 -280 -718 -42
180 96 -466 -280 -718 -41
190 83 -505 -281 -720 -40
190 81 -510 -281 -720 -39
187 80 -513 -282 -721 -41
176 80 -501 -283 -720 -44
146 83 -461 -285 -718 -47
143 79 -415 -286 -716 -51
131 78 -371 -289 -713 -52
94 115 -293 -284 -703 -51
165 87 -279 -282 -701 -49
189 67 -220 -282 -706 -48
205 53 -254 -279 -706 -48
109 92 -217 -277 -709 -47
151 24 -240 -275 -711 -45
152 30 -267 -273 -707 -44
109 127 -292 -272 -707 -44
149 78 -329 -270 -707 -45
164 97 -464 -275 -708 -45
178 92 -498 -275 -709 -47
185 86 -513 -275 -711 -53
190 82 -519 -277 -706 -58
170 96 -419 -277 -699 -64
151 82 -315 -274 -710 -66
119 113 -251 -272 -704 -63
128 111 -220 -271 -705 -59
134 108 -207 -270 -705 -56
135 110 -207 -270 -705 -54
138 114 -215 -269 -705 -51
174 85 -336 -271 -710 -42
174 85 -372 -272 -719 -38
176 81 -428 -272 -723 -37
180 69 -478 -273 -725 -36
186 50 -520 -272 -725 -39
190 29 -548 -272 -723 -42
193 20 -559 -269 -720 -45
190 14 -563 -269 -714 -51
115 62 -358 -273 -703 -54
121 55 -306 -275 -703 -53
113 97 -298 -276 -703 -50
128 41 -257 -276 -697 -47
131 39 -249 -276 -702 -44
116 92 -269 -279 -697 -36
97 101 -249 -278 -711 -30
98 107 -285 -278 -711 -27
118 58 -366 -279 -719 -26
109 63 -411 -279 -720 -25
105 61 -461 -279 -718 -24
107 54 -489 -279 -717 -24
114 47 -516 -280 -718 -25
120 47 -527 -280 -718 -26
125 48 -528 -280 -718 -27
129 51 -523 -283 -715 -32
127 81 -444 -286 -716 -40
112 86 -402 -287 -704 -38
75 96 -319 -290 -704 -33
70 85 -286 -291 -705 -31
39 52 -237 -291 -709 -29
142 3 -239 -287 -707 -23
138 57 -476 -296 -723 -37
168 44 -529 -294 -703 -45
176 32 -542 -297 -719 -50
180 30 -546 -297 -716 -55
180 30 -546 -296 -714 -59
177 29 -535 -296 -713 -62
160 30 -491 -295 -710 -64
133 37 -392 -294 -706 -65
127 37 -343 -292 -699 -64
160 6 -237 -287 -712 -28
162 6 -239 -287 -712 -24
158 13 -255 -288 -713 -23
155 18 -284 -291 -713 -21
152 42 -319 -295 -711 -20
157 54 -356 -295 -711 -21
162 62 -400 -297 -713 -23
167 83 -427 -293 -693 -23
181 91 -467 -294 -693 -24
192 87 -497 -296 -692 -27
199 87 -512 -296 -692 -32
200 87 -519 -299 -690 -37
197 87 -518 -301 -690 -39
176 91 -486 -304 -706 -49
154 90 -432 -304 -704 -56
141 70 -383 -301 -703 -59
137 50 -326 -301 -702 -63
146 24 -284 -298 -698 -64
128 79 -259 -294 -700 -61
160 5 -246 -292 -701 -60
112 62 -248 -291 -702 -59
114 64 -247 -290 -703 -56
166 5 -231 -290 -704 -52
183 34 -179 -292 -704 -51
149 80 -285 -296 -707 -47
121 135 -304 -298 -709 -42
169 65 -347 -301 -708 -41
167 63 -385 -304 -708 -40
166 66 -437 -305 -708 -38
171 56 -479 -306 -708 -38
171 37 -519 -306 -709 -39
170 26 -533 -306 -710 -41
134 25 -511 -307 -708 -42
104 24 -316 -301 -699 -40
184 44 -248 -294 -699 -37
106 71 -223 -275 -703 -24
155 13 -260 -274 -703 -23
139 31 -306 -275 -704 -17
140 28 -359 -275 -707 -17
130 30 -413 -277 -707 -17
123 24 -469 -279 -706 -19
135 1 -519 -281 -712 -20
136 -13 -550 -283 -711 -24
143 -26 -567 -290 -709 -29
140 -28 -564 -291 -697 -31
116 -13 -517 -296 -707 -34
105 -1 -466 -297 -706 -35
102 -1 -408 -297 -705 -36
108 -4 -353 -295 -705 -38
121 -3 -300 -292 -705 -37
133 -10 -273 -288 -700 -33
133 -11 -260 -286 -701 -32
142 -11 -250 -285 -702 -29
143 -10 -252 -282 -704 -24
147 -5 -276 -281 -705 -21
142 3 -327 -281 -706 -20
137 -3 -364 -283 -706 -19
134 -4 -418 -283 -708 -19
128 -8 -465 -288 -708 -18
139 -22 -503 -287 -695 -17
141 -25 -534 -291 -693 -18
140 -26 -545 -295 -691 -19
136 -22 -554 -297 -690 -21
131 -15 -548 -301 -684 -23
110 7 -515 -304 -684 -25
92 21 -469 -309 -683 -27
73 30 -417 -314 -683 -26
86 10 -367 -313 -682 -28
76 28 -311 -311 -684 -29
89 -3 -275 -303 -686 -26
106 -24 -250 -297 -686 -24
108 -29 -244 -292 -698 -24
109 -29 -242 -286 -699 -21
84 10 -261 -281 -700 -16
115 -9 -268 -279 -701 -14
113 -3 -303 -278 -702 -11
115 -5 -354 -279 -702 -11
112 -2 -395 -278 -700 -12
109 -4 -452 -280 -704 -11
115 -11 -500 -282 -705 -12
127 -21 -526 -281 -706 -12
135 -32 -547 -281 -701 -13
139 -39 -553 -283 -702 -16
137 -43 -554 -285 -701 -19
130 -50 -537 -287 -700 -22
106 -34 -510 -290 -706 -29
94 -24 -461 -291 -705 -35
79 -13 -406 -292 -704 -36
89 -36 -350 -291 -705 -37
88 -9 -306 -288 -702 -36
158 -28 -482 -265 -705 -44
161 -41 -517 -265 -705 -46
164 -57 -542 -264 -705 -47
164 -61 -549 -262 -705 -49
160 -60 -554 -263 -705 -50
147 -51 -549 -265 -713 -51
120 -24 -517 -265 -706 -51
113 -15 -472 -267 -706 -51
103 -5 -429 -269 -706 -52
99 -1 -376 -269 -704 -51
90 8 -325 -268 -703 -50
55 80 -284 -264 -704 -45
56 85 -284 -259 -705 -38
111 -34 -263 -255 -709 -36
111 -36 -263 -253 -715 -34
117 -41 -312 -251 -707 -24
115 -34 -402 -253 -708 -19
111 -32 -464 -255 -730 -19
116 -38 -508 -258 -734 -13
124 -49 -540 -258 -735 -12
140 -59 -561 -257 -735 -12
149 -65 -575 -253 -732 -15
154 -67 -577 -253 -730 -16
152 -65 -576 -254 -725 -25
137 -47 -547 -253 -723 -29
108 -25 -502 -256 -720 -30
94 -16 -449 -260 -716 -36
92 -14 -406 -260 -710 -37
94 -27 -364 -259 -713 -35
78 -31 -318 -254 -716 -37
94 -25 -302 -252 -714 -36
116 -37 -291 -252 -711 -33
122 -26 -282 -251 -710 -33
123 -21 -283 -251 -711 -33
125 -10 -302 -254 -712 -33
119 2 -330 -261 -715 -36
118 28 -502 -274 -714 -38
123 22 -528 -274 -713 -39
125 17 -546 -274 -712 -43
125 15 -547 -275 -712 -43
120 15 -539 -276 -710 -47
106 21 -500 -276 -712 -48
93 26 -464 -274 -703 -47
88 18 -410 -276 -701 -47
87 16 -360 -276 -713 -48
116 1 -312 -272 -712 -44
87 68 -266 -269 -712 -39
90 67 -246 -262 -711 -33
99 62 -242 -259 -709 -30
101 37 -278 -256 -712 -29
113 69 -256 -256 -706 -26
131 5 -288 -258 -707 -23
118 10 -313 -267 -708 -23
98 21 -362 -276 -710 -21
86 18 -412 -281 -705 -20
67 15 -460 -291 -710 -23
63 10 -498 -293 -711 -24
71 0 -523 -296 -717 -26
80 -3 -543 -295 -717 -30
82 -5 -551 -296 -712 -33
86 -5 -552 -296 -706 -40
86 -3 -549 -297 -708 -49
74 5 -526 -299 -709 -54
60 15 -482 -296 -695 -59
57 9 -442 -295 -694 -59
52 -4 -388 -286 -698 -56
78 -17 -351 -272 -708 -51
87 -20 -319 -260 -701 -50
86 -46 -267 -255 -699 -48
92 -47 -257 -250 -700 -45
98 -46 -250 -247 -701 -40
100 -44 -247 -246 -702 -34
89 -20 -243 -248 -704 -27
110 -18 -264 -250 -705 -26
112 -10 -299 -259 -709 -21
111 2 -529 -283 -717 -18
120 -9 -579 -286 -722 -22
144 -45 -631 -287 -721 -34
151 -56 -638 -287 -721 -44
151 -58 -640 -286 -719 -58
147 -59 -639 -283 -705 -59
131 -48 -615 -280 -702 -65
108 -31 -572 -281 -713 -76
90 -12 -523 -280 -702 -76
62 4 -465 -283 -705 -72
68 8 -402 -281 -704 -70
69 5 -342 -275 -707 -62
78 3 -312 -270 -709 -56
108 -10 -246 -260 -710 -39
114 -16 -244 -259 -711 -34
86 24 -247 -258 -713 -27
127 -14 -240 -264 -714 -17
78 12 -425 -290 -708 -3
65 11 -476 -297 -711 -4
109 -49 -622 -309 -703 -35
119 -57 -623 -306 -701 -42
123 -59 -620 -303 -697 -45
123 -54 -609 -300 -696 -48
110 -38 -573 -298 -694 -48
100 -18 -538 -296 -696 -49
90 -2 -486 -294 -697 -46
74 11 -433 -294 -699 -44
81 -5 -383 -293 -699 -40
81 4 -345 -290 -707 -32
93 -6 -303 -286 -705 -20
105 -1 -272 -280 -707 -10
109 47 -305 -282 -708 -1
119 -4 -262 -281 -704 4
119 -1 -271 -286 -717 8
129 0 -293 -284 -706 12
131 -5 -347 -285 -707 12
122 2 -374 -286 -709 12
120 -7 -429 -290 -725 11
120 -11 -469 -292 -726 8
124 -35 -511 -292 -727 2
130 -53 -529 -289 -712 -7
135 -61 -544 -289 -709 -19
138 -64 -549 -286 -706 -35
115 1 -386 -287 -717 -63
117 -1 -349 -284 -711 -60
119 3 -312 -282 -706 -57
122 2 -292 -277 -712 -46
125 0 -282 -273 -715 -37
126 1 -280 -271 -715 -31
125 4 -284 -268 -715 -25
124 4 -304 -267 -716 -18
112 -8 -352 -267 -718 -10
99 11 -384 -269 -721 2
87 18 -425 -270 -721 7
83 24 -464 -273 -722 8
85 18 -495 -271 -726 4
96 9 -521 -270 -721 -1
110 2 -552 -269 -720 -4
117 -3 -562 -273 -727 -14
124 -8 -567 -277 -727 -25
133 -11 -564 -281 -709 -38
137 -11 -553 -283 -706 -46
134 -7 -521 -288 -700 -65
128 -1 -477 -287 -698 -68
123 -1 -427 -288 -692 -72
120 -13 -338 -291 -684 -79
129 -14 -246 -282 -709 -66
129 -13 -247 -275 -708 -53
141 -2 -294 -273 -719 -32
144 8 -333 -276 -726 -30
133 22 -383 -279 -724 -24
122 35 -434 -281 -728 -21
120 22 -491 -281 -729 -22
125 6 -537 -280 -729 -21
131 -13 -579 -276 -713 -25
138 -32 -597 -278 -729 -41
142 -47 -605 -275 -728 -52
146 -49 -606 -270 -725 -60
145 -51 -597 -262 -716 -70
123 -27 -525 -257 -710 -80
99 10 -433 -256 -707 -85
108 36 -289 -263 -710 -73
185 52 -203 -267 -714 -46
195 44 -211 -272 -717 -34
108 74 -215 -273 -719 -28
138 10 -297 -290 -703 -19
119 26 -352 -292 -702 -21
103 20 -404 -298 -701 -22
94 12 -464 -302 -701 -25
89 -17 -528 -304 -700 -29
96 -85 -588 -294 -698 -62
90 -86 -564 -295 -715 -67
78 -87 -518 -284 -707 -72
71 -82 -476 -279 -708 -75
78 -87 -416 -266 -709 -72
84 -87 -369 -260 -705 -70
91 -91 -336 -256 -704 -67
97 -85 -300 -251 -703 -61
101 -76 -282 -252 -707 -55
109 -66 -272 -253 -706 -45
113 -52 -269 -259 -707 -31
112 -34 -281 -277 -713 -21
100 9 -307 -293 -719 -16
113 2 -335 -300 -717 -14
104 24 -383 -311 -716 -9
98 28 -422 -318 -714 -8
92 11 -478 -321 -710 -9
89 -74 -558 -332 -691 -38
74 -62 -514 -330 -693 -45
58 -45 -473 -325 -691 -49
66 -37 -365 -305 -688 -60
80 -50 -310 -295 -687 -53
84 -45 -283 -287 -687 -47
107 -45 -248 -263 -666 -26
75 -21 -420 -288 -707 -5
71 -34 -462 -296 -710 -11
77 -50 -482 -295 -713 -14
83 -75 -491 -293 -722 -26
80 -89 -478 -296 -716 -37
82 -110 -433 -291 -710 -53
81 -117 -410 -284 -706 -64
82 -112 -290 -269 -709 -63
84 -110 -274 -267 -717 -58
86 -106 -265 -259 -717 -48
91 -104 -263 -257 -717 -41
97 -103 -263 -256 -722 -33
102 -99 -274 -256 -723 -28
102 -93 -298 -255 -717 -20
102 -93 -336 -254 -719 -17
100 -86 -363 -255 -718 -14
97 -77 -407 -256 -719 -14
96 -71 -443 -265 -727 -16
96 -74 -472 -275 -732 -20
106 -59 -506 -279 -727 -25
119 -43 -537 -285 -721 -36
128 -32 -549 -287 -713 -50
146 -22 -553 -288 -708 -57
150 -12 -549 -291 -705 -65
142 25 -508 -293 -698 -71
126 50 -382 -299 -690 -73
114 49 -320 -300 -689 -73
131 81 -264 -302 -691 -68
126 68 -230 -296 -691 -63
95 7 -227 -289 -694 -53
94 -18 -234 -283 -702 -45
89 -12 -233 -279 -704 -35
87 44 -253 -277 -705 -31
102 40 -300 -277 -709 -27
122 -1 -340 -276 -708 -25
116 9 -397 -275 -708 -24
135 -17 -533 -268 -703 -26
160 -48 -573 -267 -704 -29
163 -54 -577 -264 -705 -32
157 -52 -572 -264 -705 -35
119 -19 -519 -263 -703 -50
100 2 -461 -268 -693 -57
100 11 -393 -269 -693 -57
105 6 -321 -269 -693 -57
116 0 -268 -267 -693 -56
100 24 -277 -262 -691 -53
105 21 -275 -260 -692 -51
109 20 -273 -256 -694 -39
108 21 -267 -252 -696 -24
77 46 -265 -252 -699 -22
129 9 -313 -257 -700 -17
130 22 -366 -261 -702 -13
120 33 -429 -261 -715 -12
121 33 -496 -263 -717 -12
129 26 -541 -264 -720 -14
135 19 -555 -266 -722 -16
139 16 -559 -267 -714 -17
139 21 -549 -269 -719 -20
130 46 -494 -275 -712 -28
117 54 -431 -279 -709 -34
130 36 -369 -278 -704 -38
136 7 -317 -276 -700 -45
131 -10 -277 -271 -706 -50
122 -29 -253 -268 -709 -55
118 -37 -245 -263 -709 -56
92 -6 -269 -261 -709 -55
90 -9 -294 -258 -711 -54
103 -26 -323 -258 -708 -51
95 -21 -367 -262 -713 -47
100 -21 -424 -265 -715 -44
107 -12 -484 -268 -733 -44
124 -16 -528 -268 -733 -46
128 17 -497 -269 -721 -52
109 37 -439 -278 -709 -57
109 28 -373 -282 -706 -59
136 -92 -379 -246 -706 -43
146 -110 -432 -243 -717 -33
170 -136 -466 -244 -735 -37
180 -153 -491 -244 -723 -39
192 -170 -515 -244 -722 -40
197 -185 -526 -246 -728 -42
201 -189 -532 -247 -736 -44
197 -181 -555 -248 -736 -46
194 -171 -557 -250 -734 -49
179 -119 -547 -252 -735 -51
162 -82 -517 -253 -725 -58
138 -38 -474 -256 -721 -60
129 -19 -419 -257 -719 -62
127 -18 -361 -262 -713 -68
126 -31 -310 -263 -713 -69
117 -27 -271 -263 -713 -70
119 -31 -260 -263 -713 -70
120 -40 -253 -262 -713 -69
120 -40 -254 -262 -714 -69
126 -38 -283 -262 -713 -67
131 -40 -337 -263 -721 -62
122 -30 -380 -262 -724 -60
114 -22 -434 -265 -726 -58
121 -41 -524 -263 -729 -57
127 -41 -545 -263 -730 -58
129 -37 -546 -262 -728 -59
121 -15 -526 -262 -728 -59
106 13 -475 -263 -728 -60
102 18 -415 -265 -717 -64
100 9 -364 -267 -704 -67
113 2 -312 -263 -703 -67
117 0 -271 -260 -703 -65
96 15 -292 -257 -703 -65
83 23 -280 -256 -705 -62
95 14 -288 -255 -701 -60
103 16 -300 -255 -699 -56
143 -28 -315 -254 -701 -54
130 -17 -367 -257 -701 -52
126 -23 -422 -258 -700 -50
128 -26 -472 -260 -707 -49
143 -40 -502 -261 -710 -49
143 -41 -501 -263 -714 -50
131 -36 -474 -264 -715 -50
124 -29 -411 -266 -716 -51
124 -33 -354 -268 -713 -54
120 -42 -302 -265 -710 -53
124 -46 -281 -263 -709 -52
127 -51 -272 -262 -712 -52
129 -54 -271 -259 -718 -50
153 -94 -338 -250 -724 -44
149 -85 -382 -244 -713 -43
151 -91 -428 -245 -717 -43
151 -87 -472 -245 -720 -43
157 -97 -504 -246 -722 -44
164 -97 -525 -244 -722 -45
171 -97 -532 -243 -719 -45
170 -96 -532 -244 -719 -45
163 -72 -517 -244 -718 -48
141 -40 -469 -245 -713 -49
138 -31 -413 -248 -715 -53
126 -37 -353 -250 -713 -54
128 -48 -292 -249 -718 -56
122 -50 -263 -249 -718 -58
123 -55 -250 -245 -713 -57
123 -56 -250 -244 -711 -56
129 -64 -272 -243 -709 -55
133 -72 -323 -244 -709 -52
144 -65 -374 -241 -704 -52
152 -58 -422 -241 -709 -52
155 -57 -451 -241 -709 -51
159 -56 -475 -240 -710 -49
159 -47 -487 -242 -726 -47
156 -28 -477 -246 -728 -47
140 12 -428 -250 -727 -46
133 26 -372 -258 -725 -46
131 15 -315 -261 -724 -46
138 6 -263 -263 -723 -46
136 -5 -247 -262 -724 -47
100 87 -223 -261 -724 -50
97 -29 -292 -260 -721 -50
101 -32 -301 -259 -714 -51
109 -43 -336 -257 -710 -52
133 -52 -356 -256 -706 -53
125 -50 -417 -256 -705 -54
132 -75 -474 -255 -703 -57
141 -99 -521 -251 -700 -61
143 -108 -534 -253 -707 -62
144 -108 -536 -253 -717 -69
142 -95 -533 -254 -721 -70
124 -54 -502 -252 -721 -74
118 -35 -461 -255 -722 -74
114 -29 -403 -256 -723 -74
114 -34 -351 -257 -725 -73
109 -20 -298 -255 -724 -71
129 -77 -285 -254 -727 -66
104 -17 -309 -250 -708 -51
119 -20 -436 -253 -700 -46
112 -19 -483 -255 -701 -45
120 -28 -509 -256 -705 -47
126 -33 -517 -256 -705 -47
126 -32 -517 -256 -706 -48
110 -12 -479 -261 -707 -48
98 -1 -424 -266 -719 -56
97 -6 -369 -267 -719 -55
87 -1 -311 -261 -724 -58
107 -28 -260 -258 -727 -58
106 -38 -252 -255 -729 -60
107 -41 -248 -252 -730 -57
109 -45 -252 -249 -732 -57
99 -29 -284 -245 -734 -56
122 -51 -343 -244 -719 -52
107 -37 -398 -244 -715 -50
101 -33 -459 -245 -714 -48
108 -53 -503 -248 -724 -49
105 -62 -529 -249 -725 -49
104 -72 -542 -248 -731 -48
103 -72 -542 -250 -732 -48
91 -63 -523 -252 -729 -51
72 -37 -471 -253 -728 -52
67 -21 -411 -254 -727 -55
90 -31 -344 -253 -732 -52
50 45 -277 -248 -733 -50
102 -32 -273 -246 -729 -48
102 -33 -267 -244 -721 -45
117 -27 -241 -242 -715 -44
142 -75 -527 -248 -734 -46
149 -90 -522 -248 -733 -47
148 -89 -521 -251 -726 -50
136 -68 -493 -251 -723 -51
121 -53 -445 -253 -715 -52
116 -45 -392 -255 -719 -53
114 -25 -334 -254 -710 -55
122 -50 -284 -252 -708 -56
118 -49 -253 -252 -714 -54
119 -50 -247 -247 -718 -48
119 -51 -245 -247 -725 -45
119 -50 -248 -246 -726 -42
126 -44 -278 -245 -728 -42
127 -42 -313 -247 -732 -41
137 -36 -351 -247 -734 -43
121 -19 -405 -251 -736 -45
117 -23 -453 -253 -736 -47
128 -38 -496 -253 -737 -50
136 -80 -493 -253 -738 -53
140 -92 -472 -254 -738 -59
121 -75 -456 -252 -738 -74
102 -43 -409 -252 -738 -83
99 -21 -357 -251 -740 -86
107 -42 -298 -248 -742 -87
113 -59 -272 -244 -741 -88
120 -73 -271 -242 -742 -87
121 -73 -272 -240 -743 -86
123 -61 -306 -239 -744 -84
143 -46 -353 -239 -743 -83
146 -28 -398 -239 -734 -81
165 -44 -444 -240 -736 -79
169 -42 -480 -241 -739 -80
123 -26 -386 -251 -747 -83
99 -28 -337 -255 -750 -84
117 -81 -279 -254 -727 -89
121 -85 -281 -253 -728 -88
159 -94 -401 -250 -713 -84
116 -63 -265 -270 -721 -80
111 -70 -275 -275 -722 -80
111 -87 -313 -283 -722 -82
117 -110 -350 -288 -719 -84
122 -123 -370 -285 -719 -87
121 -128 -377 -285 -717 -89
113 -130 -377 -282 -715 -95
105 -128 -376 -288 -716 -93
86 -98 -356 -283 -705 -92
85 -65 -296 -288 -697 -85
80 -61 -298 -297 -697 -89
94 -108 -355 -304 -696 -95
99 -132 -402 -305 -697 -98
103 -137 -428 -309 -696 -100
107 -130 -474 -318 -704 -103
111 -126 -488 -317 -705 -106
114 -113 -514 -317 -706 -109
121 -109 -522 -314 -702 -112
121 -85 -531 -316 -701 -114
116 -63 -518 -320 -697 -116
108 -30 -488 -318 -691 -116
103 -21 -436 -317 -692 -116
105 -28 -389 -311 -699 -117
114 -40 -343 -306 -709 -118
117 -52 -309 -296 -709 -118
114 -56 -288 -294 -709 -115
120 -58 -282 -288 -716 -113
129 -51 -283 -281 -718 -109
134 -31 -298 -279 -734 -99
137 -2 -328 -274 -731 -83
147 24 -373 -271 -735 -73
152 32 -403 -273 -736 -63
165 39 -437 -267 -739 -58
167 33 -448 -264 -739 -54
166 34 -444 -265 -739 -43
140 28 -398 -275 -734 -40
126 17 -355 -281 -732 -38
98 77 -320 -285 -735 -37
68 60 -274 -279 -736 -38
131 -50 -249 -270 -729 -35
135 -52 -239 -268 -732 -34
144 -53 -234 -261 -737 -33
150 -65 -246 -257 -732 -32
164 -71 -272 -254 -732 -33
170 -65 -314 -253 -733 -36
178 -64 -366 -250 -733 -46
187 -70 -398 -249 -732 -65
203 -86 -429 -244 -732 -76
210 -90 -443 -240 -738 -87
211 -92 -447 -235 -735 -94
210 -90 -449 -231 -733 -97
206 -86 -446 -224 -726 -101
182 -54 -424 -209 -729 -104
178 -35 -386 -209 -733 -103
166 -14 -350 -208 -729 -104
167 10 -297 -205 -724 -102
191 -40 -383 -208 -734 -100
194 -51 -433 -215 -735 -100
204 -72 -444 -219 -737 -100
197 -70 -446 -226 -751 -101
190 -56 -433 -232 -752 -100
182 -24 -392 -238 -752 -97
175 -13 -366 -247 -750 -96
175 3 -325 -253 -734 -93
174 -1 -296 -258 -731 -93
173 -8 -286 -262 -728 -93
169 -77 -396 -267 -719 -123
175 -96 -447 -266 -719 -125
186 -112 -477 -264 -719 -131
188 -119 -484 -263 -717 -137
159 -36 -235 -263 -716 -126
152 -3 -240 -261 -724 -120
142 6 -278 -258 -722 -116
159 -41 -283 -261 -715 -107
151 -29 -325 -260 -716 -104
144 -20 -378 -262 -714 -99
152 -29 -427 -264 -713 -93
154 -32 -434 -264 -716 -91
153 -28 -434 -266 -718 -89
138 -1 -392 -269 -722 -86
153 -28 -234 -262 -717 -78
159 -31 -254 -258 -718 -79
159 -20 -305 -251 -717 -79
154 -12 -356 -248 -718 -79
160 -18 -400 -245 -718 -81
140 16 -414 -235 -716 -85
137 11 -294 -243 -716 -80
149 -3 -245 -242 -716 -76
160 -10 -226 -240 -728 -74
164 -14 -218 -237 -731 -71
169 -15 -216 -236 -732 -71
171 -13 -227 -234 -733 -71
166 -2 -269 -234 -735 -73
174 21 -379 -236 -742 -80
168 31 -376 -237 -740 -85
153 60 -325 -239 -740 -92
170 -1 -205 -244 -716 -97
173 -5 -224 -245 -716 -97
175 -14 -277 -245 -716 -97
179 -23 -331 -245 -716 -97
183 -54 -387 -244 -716 -98
181 -67 -443 -245 -716 -99
179 -101 -491 -245 -718 -102
174 -114 -520 -246 -725 -103
173 -121 -529 -246 -729 -105
171 -119 -529 -245 -726 -104
156 -83 -496 -247 -724 -104
135 -48 -460 -250 -723 -106
134 -30 -401 -253 -722 -106
139 -25 -341 -256 -720 -109
140 -24 -288 -258 -719 -108
145 -41 -265 -259 -719 -108
146 -32 -236 -260 -717 -103
139 -18 -325 -263 -722 -100
140 0 -368 -264 -730 -103
135 7 -426 -265 -716 -101
130 -21 -282 -270 -726 -97
128 -47 -297 -268 -722 -95
124 60 -218 -267 -733 -88
125 60 -217 -266 -738 -84
121 61 -219 -265 -742 -80
112 54 -250 -265 -749 -74
118 -5 -311 -265 -750 -73
97 30 -346 -266 -751 -71
92 -2 -385 -268 -751 -69
85 -6 -436 -267 -752 -67
92 -41 -506 -265 -750 -66
92 -42 -504 -265 -750 -66
89 -36 -471 -266 -750 -66
93 -16 -421 -266 -750 -65
97 1 -369 -267 -750 -65
99 70 -333 -269 -743 -60
115 60 -226 -268 -745 -56
117 59 -222 -267 -746 -55
116 61 -222 -268 -743 -54
104 66 -251 -268 -744 -54
100 19 -301 -271 -744 -53
103 -15 -351 -274 -744 -54
91 3 -386 -276 -744 -58
87 -2 -428 -276 -745 -61
90 -9 -448 -276 -745 -62
89 -7 -449 -276 -745 -62
89 13 -432 -276 -741 -68
89 28 -378 -276 -740 -69
99 35 -328 -277 -739 -70
101 2 -294 -276 -740 -70
83 51 -281 -274 -740 -70
110 13 -322 -272 -743 -66
97 13 -359 -274 -745 -64
87 14 -400 -274 -746 -63
87 0 -428 -275 -746 -63
88 -6 -437 -275 -747 -64
87 -10 -435 -274 -748 -65
76 -12 -417 -275 -752 -66
74 -9 -365 -276 -756 -65
51 77 -352 -275 -757 -63
57 73 -338 -274 -757 -62
63 76 -320 -273 -756 -61
65 78 -314 -271 -756 -59
66 78 -314 -270 -756 -59
124 7 -293 -269 -754 -59
153 39 -297 -270 -754 -59
38 147 -371 -271 -752 -59
57 31 -393 -276 -754 -60
51 28 -432 -277 -753 -61
39 33 -434 -284 -753 -70
53 38 -379 -281 -754 -73
58 62 -320 -280 -752 -77
64 70 -277 -273 -746 -77
79 58 -240 -265 -747 -74
91 53 -222 -259 -749 -72
96 52 -218 -254 -755 -71
97 52 -218 -252 -755 -70
130 -26 -253 -250 -757 -69
96 13 -282 -249 -758 -68
106 -22 -336 -249 -757 -66
76 -1 -388 -253 -756 -65
79 -7 -429 -254 -755 -67
80 -11 -431 -254 -757 -67
74 -9 -415 -256 -755 -67
66 -3 -345 -257 -753 -70
68 -8 -287 -255 -752 -68
81 -24 -253 -250 -749 -67
103 -31 -231 -248 -746 -66
125 -3 -219 -245 -745 -69
127 -22 -213 -242 -743 -70
96 66 -206 -239 -726 -69
143 -16 -261 -241 -752 -77
141 -10 -286 -243 -750 -79
130 2 -323 -245 -749 -82
126 -2 -366 -245 -749 -86
122 -4 -371 -246 -749 -87
110 -10 -362 -247 -748 -91
107 -54 -237 -234 -736 -94
110 -54 -239 -234 -735 -94
108 -46 -238 -232 -735 -93
106 -36 -261 -231 -734 -94
115 -36 -313 -232 -747 -94
119 -34 -351 -233 -750 -93
118 -31 -381 -232 -710 -82
119 -29 -401 -232 -710 -81
118 -29 -400 -232 -710 -79
108 -35 -376 -240 -736 -83
94 -35 -328 -241 -743 -81
90 -33 -294 -241 -744 -78
97 -31 -269 -241 -742 -74
106 -45 -258 -243 -741 -73
94 -50 -310 -246 -742 -71
98 -21 -276 -248 -742 -69
110 -28 -268 -248 -742 -69
110 -43 -293 -252 -742 -69
116 -36 -318 -253 -741 -69
117 -45 -330 -254 -740 -70
114 -50 -330 -255 -741 -71
110 -57 -323 -254 -743 -72
93 -40 -291 -249 -740 -74
97 -40 -282 -251 -727 -78
102 -28 -269 -251 -724 -78
128 -14 -266 -252 -717 -79
138 -5 -274 -247 -724 -80
135 42 -306 -246 -722 -77
148 42 -327 -247 -727 -80
149 30 -383 -246 -723 -82
139 29 -389 -246 -722 -80
119 31 -377 -248 -720 -79
86 -20 -267 -249 -721 -76
74 51 -183 -239 -715 -71
97 0 -226 -237 -714 -73
87 30 -341 -240 -716 -78
96 5 -419 -241 -715 -80
136 -97 -479 -233 -724 -87
115 -79 -419 -230 -727 -86
110 -56 -373 -227 -730 -82
123 -41 -324 -226 -731 -78
129 -29 -290 -225 -734 -69
138 -26 -265 -226 -736 -64
149 -40 -252 -227 -746 -58
152 -39 -247 -227 -746 -53
154 -41 -247 -226 -747 -51
156 -41 -250 -229 -747 -48
158 -38 -267 -228 -755 -48
165 -50 -318 -228 -754 -49
159 -48 -359 -229 -755 -50
161 -55 -385 -227 -755 -54
166 -67 -407 -226 -757 -60
167 -61 -420 -223 -759 -66
163 -48 -412 -222 -758 -74
156 -16 -368 -223 -756 -79
143 7 -270 -219 -739 -99
153 -57 -232 -211 -731 -109
155 -52 -244 -210 -730 -110
172 -55 -302 -209 -729 -111
179 -59 -351 -209 -729 -111
198 -68 -398 -207 -729 -114
213 -81 -436 -205 -730 -117
219 -89 -460 -205 -732 -120
218 -89 -468 -204 -733 -120
207 -72 -473 -207 -733 -122
186 -39 -445 -210 -734 -124
159 -27 -399 -217 -734 -125
140 -13 -351 -229 -733 -125
131 -20 -303 -235 -735 -122
145 -49 -256 -238 -735 -120
151 -53 -250 -242 -735 -118
153 -55 -250 -246 -737 -114
161 -22 -338 -249 -736 -112
166 -24 -400 -249 -743 -110
162 -12 -398 -254 -738 -106
160 22 -348 -256 -736 -105
165 29 -291 -257 -736 -105
173 12 -248 -258 -724 -102
179 -1 -224 -259 -720 -99
184 -28 -211 -260 -717 -95
186 -44 -209 -260 -718 -90
166 -78 -357 -263 -737 -90
162 -110 -423 -261 -725 -84
169 -150 -485 -261 -724 -84
183 -196 -534 -260 -723 -85
196 -246 -526 -261 -724 -84
205 -256 -506 -262 -733 -89
209 -254 -501 -261 -736 -90
219 -239 -480 -259 -722 -86
220 -224 -480 -259 -712 -83
217 -167 -476 -259 -710 -83
207 -106 -460 -259 -710 -82
198 -67 -399 -261 -709 -76
191 -53 -340 -260 -709 -70
182 -54 -287 -268 -702 -47
166 -62 -263 -273 -726 -34
158 -72 -256 -278 -731 -25
143 -86 -262 -280 -735 -22
123 -105 -296 -278 -736 -18
111 -133 -348 -277 -736 -18
112 -173 -396 -275 -738 -24
126 -230 -434 -274 -738 -32
141 -276 -449 -272 -738 -38
144 -281 -424 -271 -734 -53
144 -281 -422 -269 -728 -61
139 -268 -418 -268 -733 -66
124 -219 -400 -267 -728 -73
115 -198 -388 -268 -725 -79
108 -158 -380 -265 -720 -80
111 -126 -374 -262 -714 -84
117 -109 -375 -262 -713 -86
120 -98 -372 -261 -712 -86
123 -71 -350 -261 -730 -91
121 -49 -301 -260 -735 -91
119 -36 -251 -262 -739 -90
118 -34 -225 -259 -739 -91
118 -42 -209 -258 -740 -90
141 -104 -230 -258 -741 -89
138 -82 -234 -258 -743 -88
134 -74 -256 -261 -745 -85
146 -73 -312 -260 -745 -86
154 -74 -370 -256 -745 -91
152 -74 -425 -252 -745 -93
156 -78 -468 -251 -745 -95
160 -84 -490 -249 -745 -98
156 -79 -491 -249 -744 -100
135 -39 -456 -251 -744 -106
122 -21 -396 -253 -743 -111
120 -14 -325 -255 -736 -112
117 -15 -284 -254 -722 -111
133 -69 -255 -252 -724 -112
139 -72 -252 -251 -727 -109
148 -74 -252 -250 -728 -106
156 -64 -264 -248 -725 -102
161 -44 -299 -247 -726 -101
161 -39 -344 -238 -740 -100
149 -33 -401 -237 -726 -95
146 -37 -445 -238 -745 -98
144 -36 -455 -238 -747 -97
140 -35 -455 -242 -750 -97
122 -8 -408 -244 -748 -95
134 -9 -357 -250 -751 -98
135 -4 -303 -250 -751 -98
151 -5 -252 -248 -751 -96
154 -11 -245 -247 -751 -94
161 -28 -237 -246 -754 -91
156 -15 -297 -246 -754 -90
150 -21 -356 -246 -753 -92
142 -38 -414 -244 -753 -94
139 -49 -465 -243 -750 -97
145 -71 -474 -237 -748 -103
145 -71 -474 -234 -745 -107
133 -48 -446 -232 -747 -109
119 -18 -392 -235 -746 -112
111 -7 -335 -234 -745 -113
132 -13 -278 -234 -745 -112
135 -16 -264 -235 -746 -111
156 -4 -228 -232 -745 -109
157 -5 -228 -232 -744 -105
163 -10 -240 -232 -746 -103
158 -5 -270 -232 -751 -102
158 -6 -326 -233 -750 -99
147 -9 -375 -234 -753 -96
147 -20 -432 -235 -752 -95
152 -29 -466 -235 -751 -93
151 -31 -476 -236 -751 -93
150 -31 -478 -237 -750 -94
140 -22 -467 -239 -750 -93
125 -1 -410 -241 -748 -92
124 10 -359 -245 -746 -90
134 4 -305 -245 -743 -89
136 3 -272 -245 -742 -87
142 -8 -240 -246 -744 -84
143 -10 -237 -245 -743 -83
146 -11 -234 -245 -742 -81
142 11 -254 -247 -751 -82
135 -8 -297 -248 -749 -80
128 -3 -346 -249 -750 -77
125 -10 -399 -248 -748 -79
124 -23 -453 -248 -745 -77
130 -49 -486 -247 -743 -77
141 -82 -465 -248 -742 -78
135 -78 -455 -247 -741 -79
115 -34 -419 -248 -740 -80
118 -6 -366 -250 -740 -82
101 15 -314 -252 -739 -83
117 65 -260 -253 -740 -80
120 65 -253 -252 -740 -80
143 -21 -237 -251 -739 -77
142 -20 -245 -250 -729 -71
136 -21 -275 -251 -719 -67
127 -27 -327 -251 -719 -65
117 -35 -378 -251 -726 -66
104 -40 -438 -252 -722 -65
104 -66 -493 -253 -725 -66
113 -90 -533 -253 -729 -69
121 -105 -542 -252 -731 -70
124 -109 -539 -253 -730 -71
127 -98 -531 -253 -735 -74
125 -47 -499 -253 -737 -77
123 -26 -443 -254 -736 -79
126 -16 -382 -254 -737 -80
138 -15 -321 -253 -735 -77
144 -25 -284 -252 -734 -76
148 -44 -261 -247 -734 -74
137 -50 -347 -245 -729 -66
137 -56 -393 -245 -731 -64
138 -62 -441 -246 -730 -65
140 -68 -467 -246 -730 -67
147 -72 -474 -249 -730 -68
149 -68 -478 -249 -729 -69
146 -59 -473 -249 -729 -70
143 -36 -432 -249 -730 -71
135 -12 -387 -248 -728 -73
145 -12 -334 -249 -730 -75
142 -5 -283 -249 -731 -75
148 -25 -268 -248 -734 -76
154 -31 -253 -247 -735 -76
155 -34 -253 -245 -736 -78
151 -18 -281 -244 -736 -79
159 -30 -302 -243 -737 -79
155 -22 -347 -244 -737 -79
146 -29 -402 -244 -736 -79
144 -42 -453 -244 -736 -79
144 -51 -480 -246 -736 -78
147 -58 -497 -247 -736 -78
145 -59 -500 -251 -732 -76
136 -51 -489 -252 -732 -75
119 -25 -441 -255 -730 -76
121 -17 -392 -257 -726 -76
121 -14 -349 -257 -726 -75
132 -15 -299 -256 -728 -75
137 -16 -287 -257 -726 -73
141 -19 -275 -255 -728 -70
144 -18 -273 -254 -728 -68
145 -19 -278 -252 -730 -68
140 -15 -317 -251 -729 -67
135 -19 -365 -250 -731 -66
123 -14 -407 -252 -730 -66
117 -26 -466 -252 -732 -63
126 -39 -506 -252 -733 -64
129 -55 -519 -253 -734 -64
131 -59 -527 -252 -735 -66
130 -58 -527 -254 -736 -69
116 -38 -495 -258 -726 -75
105 -20 -445 -261 -723 -77
116 -23 -389 -262 -722 -78
112 -12 -340 -262 -721 -76
120 -28 -294 -260 -724 -75
128 -54 -270 -250 -733 -67
116 -46 -420 -249 -710 -57
114 -51 -466 -250 -718 -58
120 -53 -476 -251 -723 -59
127 -52 -488 -253 -733 -61
136 -40 -492 -254 -730 -64
143 0 -471 -256 -725 -67
146 33 -419 -258 -719 -69
158 43 -354 -260 -711 -69
167 39 -285 -259 -711 -68
176 15 -235 -260 -717 -69
188 -15 -216 -259 -718 -68
157 -13 -281 -258 -718 -67
145 -18 -278 -253 -710 -68
132 -26 -286 -256 -725 -72
126 -78 -348 -249 -706 -65
119 -101 -409 -248 -725 -65
113 -137 -463 -246 -730 -67
107 -176 -509 -247 -731 -70
109 -208 -527 -246 -732 -71
113 -217 -535 -246 -729 -75
114 -217 -537 -248 -727 -76
118 -203 -537 -250 -724 -78
117 -151 -525 -252 -724 -80
116 -112 -495 -252 -723 -80
121 -69 -450 -252 -717 -78
130 -35 -400 -252 -717 -76
145 -30 -346 -252 -720 -73
141 -54 -259 -245 -732 -54
136 -56 -257 -244 -734 -50
124 -57 -268 -243 -733 -50
112 -80 -317 -240 -732 -49
110 -80 -358 -238 -716 -47
127 -63 -500 -243 -735 -61
105 -27 -476 -249 -728 -67
87 -1 -437 -253 -729 -66
81 5 -382 -257 -730 -65
52 63 -341 -255 -733 -69
55 63 -284 -253 -735 -64
60 56 -262 -251 -735 -62
61 52 -209 -247 -734 -59
62 53 -209 -242 -733 -59
69 43 -239 -242 -733 -57
108 60 -242 -240 -731 -56
104 53 -295 -241 -732 -58
90 -29 -363 -241 -733 -58
85 -45 -419 -242 -734 -63
94 -78 -468 -242 -732 -67
96 -105 -506 -242 -723 -70
102 -133 -513 -242 -724 -74
103 -142 -517 -243 -725 -77
102 -146 -516 -243 -725 -80
101 -141 -492 -242 -726 -85
85 -93 -457 -242 -726 -85
83 -60 -390 -241 -727 -82
84 -50 -318 -240 -729 -76
74 -28 -279 -237 -729 -67
75 -24 -274 -237 -732 -62
88 -22 -246 -238 -734 -55
90 -25 -246 -241 -736 -50
82 57 -256 -242 -739 -49
89 -15 -324 -243 -740 -49
88 -31 -381 -246 -741 -50
93 -60 -443 -250 -741 -54
97 -88 -500 -251 -739 -60
106 -125 -540 -251 -736 -65
112 -138 -550 -252 -735 -68
114 -146 -555 -252 -733 -72
114 -145 -555 -253 -725 -77
112 -124 -539 -252 -721 -82
95 -58 -460 -251 -709 -84
90 -30 -405 -252 -708 -82
110 -51 -263 -251 -711 -72
110 -51 -262 -251 -713 -70
123 -25 -241 -249 -737 -56
129 -27 -245 -250 -739 -55
73 70 -297 -253 -740 -56
95 -15 -338 -255 -741 -58
84 -25 -395 -257 -741 -61
86 -43 -448 -258 -738 -65
86 -56 -486 -258 -739 -68
91 -71 -521 -260 -738 -72
105 -86 -539 -262 -733 -78
113 -90 -547 -262 -730 -82
120 -92 -547 -259 -728 -87
124 -83 -539 -257 -729 -91
123 -46 -511 -257 -729 -91
114 -27 -474 -257 -730 -93
110 -5 -413 -257 -730 -93
112 -5 -354 -260 -730 -92
107 7 -300 -258 -730 -88
130 38 -229 -257 -731 -86
136 -32 -247 -256 -734 -80
134 -31 -247 -258 -738 -72
112 -16 -230 -258 -740 -66
96 70 -252 -258 -740 -64
94 70 -273 -258 -741 -65
104 -24 -339 -259 -741 -66
112 -39 -381 -260 -740 -68
110 -44 -439 -260 -737 -70
121 -81 -485 -260 -738 -71
128 -104 -513 -258 -739 -76
135 -121 -516 -258 -739 -79
136 -127 -515 -256 -740 -81
129 -111 -468 -253 -740 -91
104 -81 -431 -251 -738 -92
103 -70 -373 -250 -736 -93
123 -38 -263 -243 -736 -78
120 53 -254 -248 -735 -73
121 57 -261 -250 -736 -73
150 2 -292 -251 -736 -72
152 -4 -313 -252 -737 -72
150 -18 -349 -252 -737 -73
145 -25 -390 -252 -736 -75
143 -36 -428 -252 -736 -77
143 -47 -462 -251 -737 -79
145 -67 -481 -251 -737 -82
145 -77 -490 -250 -735 -85
141 -81 -491 -247 -733 -96
118 -41 -416 -246 -732 -100
116 -25 -377 -245 -731 -100
109 -8 -335 -245 -729 -99
108 -44 -250 -244 -733 -82
133 -43 -260 -248 -732 -75
113 78 -275 -253 -733 -67
150 -1 -324 -254 -734 -67
152 6 -346 -254 -734 -66
147 -4 -388 -254 -734 -66
151 -11 -416 -253 -733 -68
152 -19 -444 -252 -735 -70
155 -34 -465 -250 -733 -75
155 -43 -482 -248 -731 -82
158 -65 -484 -246 -732 -90
158 -75 -489 -244 -731 -94
159 -84 -486 -244 -732 -94
159 -82 -482 -243 -731 -94
155 -63 -450 -243 -731 -94
149 -46 -409 -243 -731 -94
144 -21 -365 -243 -730 -92
149 -7 -326 -246 -730 -90
153 5 -271 -246 -730 -85
158 3 -251 -249 -731 -79
166 -5 -237 -249 -732 -75
167 -5 -237 -250 -731 -72
161 21 -242 -251 -732 -69
160 10 -259 -251 -724 -66
157 15 -281 -251 -727 -67
148 3 -337 -252 -729 -67
143 6 -376 -252 -733 -68
140 -10 -420 -252 -733 -69
143 -27 -461 -252 -734 -69
139 -43 -485 -252 -733 -73
138 -60 -491 -249 -732 -78
137 -62 -489 -249 -726 -86
123 -60 -477 -248 -725 -91
103 -36 -437 -249 -726 -96
100 -20 -397 -248 -725 -97
97 -10 -369 -250 -724 -94
87 31 -319 -251 -723 -93
139 3 -277 -251 -724 -89
136 -1 -266 -252 -726 -83
158 6 -239 -258 -731 -69
144 15 -292 -260 -734 -60
127 -30 -480 -261 -734 -60
128 -84 -510 -261 -735 -62
136 -146 -499 -260 -735 -66
136 -155 -497 -259 -735 -68
132 -163 -498 -258 -734 -69
129 -165 -497 -257 -734 -72
121 -162 -490 -257 -732 -73
113 -147 -470 -256 -731 -74
101 -121 -448 -256 -732 -74
86 -70 -438 -256 -733 -71
90 -45 -408 -258 -735 -68
92 -20 -370 -260 -736 -63
105 29 -323 -262 -736 -61
97 56 -303 -262 -738 -55
100 65 -276 -263 -739 -51
106 59 -262 -261 -740 -50
77 -38 -294 -260 -740 -50
126 -71 -305 -259 -742 -51
129 -37 -349 -258 -742 -52
123 -67 -434 -256 -743 -57
135 -160 -442 -255 -744 -67
135 -160 -439 -254 -744 -69
132 -153 -416 -252 -743 -70
131 -139 -394 -251 -743 -70
115 -31 -351 -251 -743 -68
104 -23 -323 -252 -745 -67
120 -36 -276 -252 -744 -66
122 -24 -264 -251 -745 -65
143 -82 -269 -251 -745 -65
144 -82 -270 -251 -745 -65
147 -85 -274 -251 -745 -65
150 -86 -284 -250 -747 -66
149 -80 -305 -248 -746 -67
136 -26 -334 -248 -746 -68
112 -11 -383 -251 -746 -69
107 -33 -499 -254 -743 -74
119 -77 -531 -252 -741 -78
138 -116 -489 -250 -742 -87
130 -111 -488 -248 -741 -90
98 -54 -490 -250 -739 -93
87 -22 -444 -249 -738 -97
76 8 -391 -251 -738 -97
84 16 -331 -252 -739 -94
91 -17 -285 -248 -741 -90
65 -1 -350 -247 -742 -85
143 -119 -319 -245 -742 -82
143 -117 -319 -244 -742 -77
145 -118 -323 -244 -742 -75
133 -98 -340 -245 -745 -73
100 -43 -362 -246 -746 -73
92 -28 -407 -247 -747 -74
80 -15 -469 -253 -748 -74
86 -24 -531 -257 -747 -74
108 -63 -564 -256 -747 -75
124 -83 -548 -255 -747 -76
125 -84 -545 -255 -748 -77
119 -72 -549 -254 -747 -81
96 -18 -545 -257 -745 -86
73 20 -513 -265 -743 -91
47 55 -458 -274 -745 -92
60 58 -271 -268 -745 -87
67 29 -228 -247 -746 -84
69 27 -226 -245 -748 -84
70 68 -297 -243 -746 -80
54 95 -299 -244 -744 -75
72 64 -363 -247 -747 -70
58 104 -363 -255 -746 -64
88 82 -383 -258 -746 -64
84 94 -437 -259 -746 -63
84 101 -492 -259 -744 -65
93 89 -551 -258 -743 -67
96 69 -599 -258 -743 -69
102 50 -608 -257 -742 -70
101 44 -609 -257 -743 -71
95 45 -604 -257 -741 -75
72 54 -563 -258 -740 -78
57 66 -518 -264 -740 -76
35 73 -459 -276 -747 -76
34 70 -396 -274 -746 -77
61 10 -353 -272 -745 -77
73 4 -336 -262 -748 -74
102 -1 -286 -253 -740 -70
91 70 -248 -247 -738 -67
70 51 -302 -247 -740 -65
72 54 -304 -250 -743 -59
118 74 -262 -252 -744 -54
87 103 -301 -256 -747 -48
80 181 -308 -259 -747 -44
118 79 -360 -260 -745 -42
106 101 -399 -262 -744 -43
98 106 -442 -263 -744 -42
92 108 -495 -263 -743 -43
98 95 -536 -261 -742 -45
95 93 -582 -260 -742 -48
98 82 -609 -256 -741 -57
106 64 -624 -254 -740 -64
109 58 -624 -250 -737 -73
105 56 -616 -249 -711 -75
86 65 -570 -251 -737 -83
68 70 -520 -255 -736 -83
47 75 -461 -264 -737 -81
41 68 -394 -266 -738 -77
61 23 -346 -266 -738 -73
49 47 -278 -259 -733 -57
52 52 -252 -252 -738 -50
72 55 -278 -243 -744 -38
137 70 -244 -245 -743 -33
60 51 -553 -263 -741 -42
69 -7 -619 -262 -740 -50
75 -19 -625 -257 -730 -59
36 -2 -526 -270 -740 -57
32 17 -475 -271 -738 -56
44 30 -407 -268 -735 -45
57 39 -342 -267 -734 -37
80 32 -286 -268 -739 -31
116 86 -244 -268 -740 -29
127 78 -230 -266 -741 -27
123 44 -328 -265 -742 -27
99 38 -377 -267 -743 -33
77 44 -428 -271 -743 -42
68 26 -484 -273 -744 -47
90 -69 -648 -265 -737 -79
107 -74 -646 -256 -736 -85
65 29 -414 -270 -727 -63
67 37 -348 -272 -731 -53
69 73 -274 -270 -732 -42
83 69 -239 -266 -734 -30
97 65 -226 -264 -735 -22
97 62 -221 -264 -737 -17
101 62 -222 -266 -738 -11
138 66 -271 -266 -738 -11
106 6 -309 -266 -737 -12
102 13 -338 -269 -737 -14
79 21 -392 -270 -735 -19
61 -17 -505 -276 -735 -43
63 -37 -552 -276 -735 -48
64 -53 -585 -277 -731 -56
77 -69 -607 -271 -729 -67
63 44 -397 -269 -725 -76
77 87 -246 -266 -735 -50
89 74 -245 -268 -737 -44
58 95 -260 -271 -736 -35
60 102 -273 -272 -738 -32
60 102 -276 -273 -739 -31
77 3 -546 -277 -736 -44
77 -19 -575 -272 -737 -52
75 -27 -576 -271 -736 -56
70 -29 -563 -269 -736 -60
44 15 -468 -272 -737 -58
40 36 -411 -272 -738 -56
35 61 -309 -268 -745 -48
46 50 -287 -261 -749 -43
43 53 -244 -259 -749 -39
49 44 -242 -258 -750 -37
52 41 -238 -256 -737 -29
55 38 -241 -255 -740 -27
56 46 -266 -257 -742 -26
56 54 -346 -262 -750 -29
52 34 -396 -269 -747 -31
36 35 -453 -271 -745 -33
38 18 -501 -271 -746 -37
38 1 -543 -271 -746 -41
38 -14 -558 -270 -746 -44
39 -26 -565 -267 -746 -47
39 -28 -562 -264 -744 -49
33 -21 -533 -261 -738 -48
23 4 -487 -255 -732 -49
23 19 -447 -249 -727 -49
22 41 -397 -245 -725 -47
-5 36 -351 -243 -725 -44
-2 46 -325 -240 -728 -40
8 49 -295 -241 -734 -32
15 45 -286 -242 -734 -29
24 39 -280 -243 -738 -24
27 36 -282 -248 -748 -23
31 39 -287 -249 -748 -21
32 41 -297 -255 -749 -21
73 24 -337 -259 -746 -24
60 47 -371 -262 -747 -27
50 44 -425 -267 -746 -32
49 25 -474 -266 -742 -37
51 4 -521 -267 -746 -43
53 -7 -558 -265 -741 -47
59 -26 -577 -264 -742 -51
67 -35 -582 -260 -742 -58
67 -36 -582 -260 -742 -59
65 -33 -580 -259 -743 -61
58 -9 -544 -259 -742 -65
50 16 -499 -260 -740 -64
39 41 -450 -260 -739 -62
42 51 -393 -261 -737 -60
51 42 -346 -261 -737 -59
46 59 -323 -261 -740 -56
49 81 -280 -260 -736 -47
55 81 -276 -258 -734 -47
97 72 -241 -259 -742 -46
96 74 -243 -260 -741 -45
80 83 -265 -261 -741 -45
62 148 -266 -265 -732 -38
52 147 -296 -270 -734 -39
63 43 -372 -273 -744 -43
62 46 -400 -273 -744 -46
45 46 -439 -274 -746 -47
42 40 -457 -277 -746 -49
39 35 -466 -281 -747 -52
39 35 -466 -281 -748 -54
42 42 -461 -281 -748 -56
47 72 -427 -283 -749 -57
60 81 -390 -282 -749 -59
75 74 -357 -280 -747 -61
59 107 -301 -278 -726 -52
72 86 -313 -291 -719 -48
116 55 -381 -340 -702 -34
118 51 -408 -358 -690 -31
120 51 -419 -367 -686 -27
126 52 -430 -384 -679 -21
130 54 -434 -394 -674 -18
132 56 -434 -402 -668 -16
132 57 -434 -415 -663 -13
129 55 -418 -419 -660 -9
112 53 -394 -425 -658 -3
100 42 -375 -435 -664 1
74 10 -343 -439 -666 7
69 17 -333 -436 -663 15
57 59 -337 -428 -660 22
61 56 -334 -422 -659 26
77 -5 -327 -420 -661 30
80 -9 -335 -415 -668 38
80 -6 -366 -413 -672 46
88 -2 -396 -409 -678 47
106 5 -425 -405 -683 51
120 15 -448 -398 -686 54
131 22 -466 -386 -680 56
143 33 -479 -383 -680 57
152 41 -485 -382 -680 58
161 48 -489 -380 -681 60
168 58 -490 -380 -697 72
170 63 -487 -385 -697 72
159 72 -475 -389 -695 73
131 71 -449 -396 -693 72
97 53 -409 -402 -693 72
55 4 -348 -403 -690 75
62 -33 -345 -367 -689 64
68 -22 -372 -360 -690 53
97 -9 -472 -326 -715 -3
113 1 -480 -314 -718 -9
122 8 -483 -295 -718 -18
130 16 -482 -278 -724 -29
135 21 -480 -271 -724 -37
138 27 -474 -261 -714 -47
132 34 -462 -259 -708 -53
113 37 -451 -258 -707 -56
72 28 -428 -265 -712 -59
53 13 -406 -265 -712 -57
42 -16 -374 -253 -723 -54
22 -16 -344 -234 -712 -59
21 -24 -333 -242 -710 -59
18 -28 -311 -246 -714 -59
19 -27 -311 -257 -718 -53
24 -24 -318 -262 -717 -49
46 0 -346 -265 -718 -47
54 20 -379 -281 -712 -42
101 58 -480 -314 -720 -35
143 54 -503 -298 -726 -37
99 50 -444 -294 -730 -32
76 35 -354 -293 -722 -28
79 46 -319 -290 -721 -26
104 10 -291 -284 -736 -21
69 65 -297 -284 -730 -21
122 13 -341 -284 -725 -20
98 75 -372 -286 -721 -21
80 79 -460 -293 -722 -25
83 74 -503 -293 -722 -32
92 64 -557 -296 -724 -45
95 62 -559 -296 -713 -47
98 64 -553 -296 -709 -50
94 73 -503 -297 -703 -52
116 51 -324 -308 -708 -6
120 53 -323 -323 -720 20
149 79 -494 -372 -665 16
147 84 -493 -378 -657 6
145 85 -489 -382 -652 -8
121 87 -439 -390 -646 -10
121 68 -392 -394 -644 -23
120 57 -348 -393 -642 -34
110 64 -296 -395 -641 -34
116 89 -275 -391 -642 -36
123 11 -247 -376 -642 -29
132 -4 -247 -366 -646 -24
143 -4 -251 -348 -652 -15
146 5 -280 -339 -658 -1
138 2 -332 -334 -662 4
128 -6 -387 -328 -668 11
116 -12 -445 -322 -676 19
120 -45 -492 -321 -685 30
111 -69 -543 -320 -685 32
108 -89 -573 -319 -692 32
113 -96 -576 -317 -685 36
122 -60 -540 -313 -681 32
123 9 -452 -307 -676 21
135 27 -384 -312 -677 16
145 31 -327 -315 -674 14
183 3 -294 -306 -683 21
174 2 -347 -299 -682 27
162 2 -406 -295 -687 30
159 -6 -469 -291 -687 30
163 -24 -506 -290 -690 31
160 -31 -524 -291 -692 30
157 -33 -529 -291 -693 28
135 -12 -521 -292 -693 29
117 19 -475 -294 -689 24
111 34 -414 -298 -687 20
162 55 -223 -297 -683 20
156 78 -228 -295 -683 23
166 3 -281 -293 -694 33
152 9 -320 -285 -693 48
142 -2 -376 -281 -699 54
130 -2 -432 -280 -713 59
130 -21 -492 -272 -715 68
136 -49 -542 -265 -714 72
144 -67 -580 -263 -720 75
158 -98 -593 -263 -724 75
160 -103 -591 -263 -727 76
159 -94 -576 -262 -727 75
135 -65 -529 -260 -727 74
120 -44 -469 -261 -727 70
121 -57 -304 -264 -722 63
101 -42 -305 -265 -721 62
119 -65 -299 -266 -723 59
108 -37 -326 -266 -720 59
111 -39 -370 -267 -721 59
101 -30 -416 -269 -722 59
98 -33 -471 -271 -722 56
93 -40 -524 -277 -722 55
94 -44 -548 -281 -722 52
99 -47 -578 -283 -720 49
104 -49 -577 -286 -720 42
106 -42 -566 -291 -719 34
91 -18 -521 -300 -718 32
90 -10 -469 -304 -716 26
94 -6 -412 -305 -717 25
101 -18 -363 -302 -714 26
104 -18 -336 -299 -714 28
111 -18 -317 -298 -721 29
78 68 -348 -293 -720 30
78 66 -349 -291 -720 32
123 -54 -357 -285 -722 34
124 -39 -384 -277 -722 39
124 -40 -438 -271 -724 44
125 -46 -481 -267 -726 51
128 -49 -523 -261 -730 54
