177 -615 237 -65 -713 -294
203 -646 241 -73 -719 -297
215 -640 239 -81 -710 -294
240 -645 184 -164 -707 -313
269 -682 103 -231 -710 -253
273 -693 105 -224 -694 -235
301 -685 98 -231 -655 -309
319 -665 56 -186 -86 -280
320 -680 51 -186 -92 -277
318 -680 26 -181 -99 -290
302 -675 -24 -121 -26 -391
300 -663 -45 -124 6 -365
291 -642 -146 -107 -18 -522
288 -641 -144 -99 -11 -479
280 -639 -141 -96 -32 -407
275 -637 -142 -90 60 -391
263 -637 -140 -106 22 -344
257 -640 -136 -135 -49 -313
262 -646 -123 -128 -82 -307
275 -641 -108 -135 -65 -310
329 -638 -68 -135 28 -452
316 -661 -77 -149 13 -488
319 -668 -73 -156 11 -487
324 -669 -75 -144 14 -453
331 -672 -83 -124 34 -426
331 -673 -84 -124 25 -395
331 -675 -90 -122 36 -392
328 -673 -92 -125 37 -357
329 -669 -96 -140 12 -346
335 -662 -101 -111 9 -309
336 -659 -102 -122 9 -324
334 -661 -99 -135 13 -387
326 -664 -100 -149 21 -420
314 -664 -104 -195 29 -477
293 -666 -108 -154 1 -371
274 -669 -98 -134 28 -387
267 -661 -80 -173 41 -470
258 -673 -76 -195 5 -535
259 -674 -76 -196 9 -528
260 -675 -75 -192 9 -491
262 -673 -74 -184 14 -442
263 -672 -75 -166 7 -407
264 -673 -74 -159 6 -370
267 -673 -74 -158 13 -354
270 -674 -73 -155 10 -345
273 -674 -72 -150 -2 -341
272 -673 -69 -108 53 -339
272 -673 -68 -164 49 -393
272 -672 -67 -160 25 -440
274 -672 -65 -159 27 -478
275 -673 -62 -161 26 -521
275 -674 -62 -162 20 -537
274 -675 -62 -165 14 -545
274 -675 -61 -164 14 -544
273 -675 -61 -161 19 -526
272 -674 -61 -155 18 -480
270 -673 -60 -158 19 -448
268 -671 -64 -162 38 -413
268 -671 -64 -148 8 -381
268 -670 -63 -148 10 -377
267 -671 -61 -150 10 -377
267 -671 -60 -151 8 -387
267 -671 -60 -163 12 -438
268 -671 -58 -173 14 -471
268 -672 -56 -173 23 -518
270 -672 -56 -169 8 -535
270 -673 -56 -169 -1 -557
270 -673 -56 -168 -4 -564
271 -675 -56 -167 -5 -564
272 -674 -56 -163 5 -551
274 -674 -56 -156 13 -498
274 -674 -55 -151 14 -469
275 -673 -55 -149 17 -421
275 -673 -54 -157 41 -387
276 -673 -54 -147 90 -395
276 -673 -54 -146 90 -394
272 -674 -51 -88 90 -403
270 -675 -49 -147 42 -397
268 -677 -47 -151 45 -424
268 -678 -48 -165 56 -474
266 -681 -49 -170 34 -526
261 -661 -62 -178 46 -496
256 -657 -67 -173 51 -454
243 -647 -76 -188 64 -380
236 -643 -76 -199 59 -337
235 -642 -76 -218 98 -331
235 -643 -76 -194 95 -416
236 -642 -76 -194 91 -455
235 -641 -76 -197 71 -502
234 -640 -77 -199 64 -509
231 -641 -79 -201 62 -509
230 -638 -82 -196 56 -476
216 -637 -96 -194 57 -430
215 -637 -99 -189 58 -387
211 -624 -98 -198 64 -360
210 -617 -98 -200 69 -339
207 -609 -103 -203 69 -329
229 -580 -101 -204 69 -327
229 -578 -100 -205 67 -337
230 -574 -100 -203 95 -370
229 -569 -102 -208 85 -487
227 -568 -102 -209 86 -486
228 -567 -102 -209 93 -458
228 -568 -102 -208 104 -415
228 -567 -99 -210 108 -373
228 -570 -99 -203 52 -325
227 -572 -101 -203 57 -334
222 -573 -105 -197 90 -378
209 -626 -115 -204 44 -505
218 -638 -112 -203 43 -503
224 -659 -100 -203 44 -480
226 -670 -96 -201 55 -429
235 -677 -78 -205 54 -403
239 -680 -62 -205 64 -365
243 -681 -54 -178 68 -387
246 -683 -47 -174 70 -370
249 -683 -41 -137 61 -370
254 -688 -37 -185 30 -330
256 -687 -34 -184 26 -344
265 -664 -22 -179 61 -380
267 -664 -21 -169 53 -418
272 -664 -21 -175 48 -457
273 -663 -18 -173 47 -463
273 -664 -17 -170 42 -463
272 -663 -17 -166 41 -445
273 -662 -18 -170 49 -402
268 -658 -24 -136 59 -359
264 -653 -42 -166 43 -324
266 -654 -47 -157 57 -357
264 -653 -52 -163 47 -408
259 -676 -63 -166 38 -455
259 -676 -66 -173 11 -485
260 -677 -69 -173 5 -491
260 -677 -71 -173 5 -487
260 -676 -72 -171 17 -459
260 -678 -73 -169 21 -410
259 -679 -74 -173 48 -368
257 -679 -70 -130 65 -369
257 -678 -70 -150 132 -303
256 -678 -68 -149 132 -295
257 -678 -66 -149 133 -293
258 -678 -64 -146 134 -293
256 -678 -63 -143 132 -314
257 -678 -63 -154 117 -358
258 -678 -62 -162 59 -409
259 -678 -61 -165 48 -454
262 -677 -61 -163 41 -479
272 -677 -63 -155 28 -490
270 -679 -61 -157 22 -332
263 -678 -54 -163 51 -302
263 -678 -54 -172 116 -259
273 -654 -51 -171 116 -259
273 -654 -51 -168 113 -270
273 -656 -51 -137 85 -367
273 -656 -51 -155 45 -372
274 -656 -52 -149 60 -410
274 -656 -54 -147 50 -429
275 -650 -53 -145 48 -430
275 -649 -54 -149 51 -422
275 -649 -55 -153 66 -388
261 -675 -62 -125 58 -340
261 -677 -60 -142 80 -297
260 -679 -60 -146 82 -296
258 -680 -59 -133 103 -313
257 -680 -60 -145 107 -356
255 -681 -62 -183 83 -364
253 -682 -65 -187 62 -408
255 -683 -75 -189 53 -434
246 -680 -90 -118 73 -383
244 -681 -91 -129 62 -362
243 -681 -91 -165 37 -276
243 -680 -91 -148 154 -284
244 -681 -91 -142 151 -290
244 -681 -92 -160 122 -328
244 -682 -91 -172 89 -372
245 -682 -90 -179 87 -402
246 -682 -87 -181 75 -421
247 -682 -84 -180 73 -425
249 -682 -82 -180 73 -425
249 -682 -83 -177 76 -415
248 -681 -83 -180 72 -378
248 -680 -83 -171 76 -339
248 -681 -82 -137 101 -280
248 -679 -81 -131 104 -262
249 -680 -80 -132 102 -246
248 -679 -78 -177 42 -278
248 -679 -77 -154 148 -279
250 -679 -77 -146 147 -291
250 -679 -76 -153 135 -355
250 -679 -74 -163 116 -408
250 -678 -75 -188 128 -410
249 -678 -76 -191 97 -439
250 -677 -78 -198 86 -461
249 -677 -78 -201 81 -466
248 -676 -79 -202 78 -462
247 -676 -80 -204 80 -438
248 -675 -80 -197 80 -393
249 -675 -79 -198 119 -391
250 -674 -77 -196 134 -354
251 -674 -74 -197 139 -322
252 -674 -70 -193 144 -305
252 -673 -66 -187 144 -284
253 -674 -65 -179 75 -327
251 -674 -54 -193 140 -286
253 -675 -54 -192 138 -297
254 -674 -54 -185 134 -341
253 -675 -54 -186 94 -346
253 -675 -54 -188 96 -398
256 -673 -66 -196 79 -438
255 -673 -68 -204 63 -476
254 -673 -71 -205 60 -482
253 -675 -75 -205 57 -482
252 -675 -80 -203 60 -471
251 -673 -83 -200 73 -433
249 -674 -86 -177 140 -423
251 -674 -85 -165 127 -395
251 -674 -85 -170 147 -328
253 -673 -83 -172 64 -306
255 -671 -80 -166 147 -284
256 -671 -79 -164 147 -284
256 -671 -78 -163 147 -285
256 -670 -77 -178 66 -311
256 -670 -74 -194 138 -322
259 -669 -72 -181 103 -368
261 -670 -71 -194 46 -481
262 -670 -74 -194 42 -465
262 -669 -72 -192 62 -432
267 -665 -57 -162 143 -293
266 -661 -52 -169 68 -314
266 -661 -52 -192 134 -331
266 -661 -51 -193 126 -377
265 -661 -51 -181 76 -422
272 -662 -56 -190 68 -455
271 -663 -58 -200 49 -481
270 -666 -60 -204 32 -492
268 -667 -63 -205 27 -493
269 -668 -65 -204 26 -491
268 -669 -66 -200 35 -462
268 -671 -67 -188 45 -432
268 -670 -68 -178 50 -380
269 -670 -67 -174 56 -343
269 -670 -67 -162 138 -302
269 -669 -64 -161 138 -290
261 -668 -57 -159 139 -278
260 -667 -56 -159 140 -276
262 -666 -54 -156 138 -282
262 -666 -54 -161 140 -318
262 -666 -54 -176 92 -370
263 -668 -53 -181 75 -403
262 -668 -54 -186 65 -439
262 -668 -54 -199 33 -467
261 -668 -55 -201 29 -471
258 -669 -59 -185 46 -345
257 -670 -59 -179 42 -331
256 -670 -57 -182 41 -304
256 -669 -54 -142 70 -346
255 -669 -54 -143 68 -349
259 -669 -55 -146 64 -362
254 -670 -51 -179 42 -327
254 -670 -51 -183 63 -371
252 -673 -53 -196 29 -434
251 -674 -55 -200 19 -433
252 -673 -68 -200 13 -365
247 -678 -73 -181 49 -324
244 -678 -73 -207 2 -279
243 -681 -71 -205 -3 -259
258 -658 -60 -197 31 -266
256 -662 -60 -214 33 -316
254 -663 -63 -209 20 -406
246 -672 -67 -214 15 -354
244 -656 -67 -210 1 -280
241 -665 -66 -184 67 -277
237 -666 -61 -185 40 -267
237 -668 -60 -194 30 -271
239 -668 -59 -203 35 -288
239 -668 -59 -217 -1 -312
240 -668 -59 -222 -6 -364
240 -668 -60 -222 -16 -403
241 -668 -62 -229 -29 -417
240 -667 -62 -231 -29 -416
240 -668 -62 -235 -27 -392
240 -668 -64 -241 -20 -351
231 -684 -68 -241 -15 -314
235 -670 -69 -243 -11 -287
235 -670 -69 -239 -18 -251
232 -672 -65 -237 -16 -241
235 -661 -63 -208 75 -230
236 -670 -65 -197 42 -259
237 -670 -66 -208 29 -260
237 -670 -66 -208 27 -270
234 -667 -61 -207 59 -305
232 -677 -61 -233 3 -328
236 -661 -63 -240 -4 -381
236 -658 -65 -246 -16 -409
237 -668 -69 -246 -17 -407
239 -666 -68 -239 -9 -381
239 -679 -66 -230 -5 -331
239 -692 -68 -207 15 -271
240 -693 -66 -208 14 -269
238 -693 -66 -209 15 -270
238 -694 -64 -221 34 -273
238 -694 -63 -224 42 -322
240 -669 -61 -250 -15 -347
232 -685 -56 -256 -29 -394
231 -685 -56 -263 -44 -421
234 -667 -58 -267 -48 -422
227 -679 -55 -266 -45 -411
225 -681 -55 -252 -61 -359
222 -682 -52 -242 -61 -321
222 -682 -52 -238 -40 -278
221 -685 -51 -240 -31 -243
220 -685 -50 -238 -42 -237
227 -674 -53 -240 -30 -222
225 -674 -53 -241 -64 -236
225 -674 -53 -240 -49 -244
221 -673 -55 -256 -41 -371
213 -699 -60 -257 -49 -385
209 -699 -65 -242 -33 -254
205 -698 -65 -240 -42 -244
206 -698 -68 -229 -7 -261
205 -698 -68 -229 -5 -258
204 -699 -68 -230 -5 -259
204 -700 -68 -227 1 -267
204 -703 -69 -239 -49 -275
205 -704 -71 -244 -53 -299
204 -704 -75 -247 -47 -344
202 -704 -82 -230 -77 -381
201 -705 -86 -246 -56 -387
201 -705 -93 -240 -68 -378
200 -704 -98 -229 -71 -347
199 -703 -102 -225 -61 -310
200 -703 -104 -228 -51 -276
200 -702 -106 -242 -14 -229
200 -703 -107 -244 -12 -217
200 -703 -108 -225 -1 -255
201 -704 -108 -228 1 -247
201 -703 -107 -228 0 -251
202 -703 -107 -229 4 -269
202 -703 -107 -248 -25 -276
208 -680 -102 -255 -24 -324
204 -694 -96 -262 -25 -370
203 -693 -95 -268 -40 -401
202 -706 -99 -270 -47 -411
203 -705 -98 -268 -46 -411
204 -705 -97 -260 -37 -398
204 -704 -88 -242 -20 -352
206 -702 -88 -232 -20 -328
205 -701 -87 -232 -19 -288
206 -701 -85 -234 -15 -271
209 -700 -79 -222 -14 -249
210 -700 -76 -222 -14 -249
207 -700 -72 -195 -50 -274
208 -699 -70 -224 3 -286
240 -671 -69 -238 8 -316
238 -672 -68 -242 9 -357
239 -671 -69 -249 4 -405
239 -671 -69 -252 -13 -441
240 -670 -72 -251 -25 -458
229 -695 -78 -253 -31 -464
231 -694 -78 -250 -34 -463
233 -693 -79 -245 -32 -462
233 -692 -79 -237 -25 -444
234 -692 -79 -230 -16 -417
235 -690 -77 -222 -15 -374
235 -689 -76 -219 -20 -321
236 -690 -74 -219 -18 -298
236 -691 -74 -219 -15 -294
227 -689 -70 -198 61 -322
231 -689 -72 -220 5 -387
232 -689 -72 -241 0 -425
231 -690 -75 -245 -12 -447
233 -689 -85 -247 -19 -462
233 -689 -89 -247 -22 -465
232 -689 -91 -248 -22 -463
232 -688 -95 -247 -16 -452
231 -687 -100 -236 -13 -414
237 -683 -101 -225 -3 -383
236 -682 -102 -224 -4 -356
236 -682 -102 -215 -8 -319
235 -682 -101 -218 -13 -306
235 -682 -99 -220 -12 -297
236 -683 -92 -218 -13 -293
238 -684 -85 -217 -14 -293
240 -684 -81 -214 -11 -301
241 -685 -78 -221 21 -340
251 -659 -69 -218 11 -373
252 -657 -70 -222 15 -400
252 -656 -70 -245 10 -450
252 -656 -70 -246 8 -460
252 -654 -71 -248 5 -472
242 -679 -71 -247 3 -474
242 -678 -72 -246 1 -469
242 -678 -74 -238 -1 -449
242 -678 -75 -223 -4 -402
242 -678 -77 -218 3 -384
242 -678 -76 -217 14 -348
242 -680 -76 -212 -11 -314
242 -680 -75 -213 -11 -307
241 -681 -74 -213 -10 -298
242 -681 -71 -217 3 -293
248 -655 -68 -218 15 -296
248 -655 -67 -221 28 -313
249 -656 -67 -221 31 -334
253 -653 -68 -228 24 -384
254 -653 -68 -233 36 -411
254 -653 -68 -240 26 -449
253 -653 -69 -250 11 -484
243 -664 -67 -256 2 -494
249 -668 -61 -212 28 -307
246 -679 -61 -215 22 -283
244 -670 -56 -186 64 -269
242 -669 -53 -187 65 -263
240 -676 -52 -212 10 -243
240 -675 -51 -199 41 -266
235 -674 -48 -217 43 -284
235 -674 -47 -217 31 -325
242 -671 -45 -211 35 -369
244 -669 -46 -220 12 -416
242 -669 -46 -228 -1 -449
241 -670 -47 -230 -14 -476
241 -669 -48 -232 -14 -482
241 -671 -48 -231 -14 -478
238 -670 -48 -211 10 -409
238 -670 -48 -210 13 -366
236 -669 -47 -218 46 -301
236 -669 -47 -210 30 -283
236 -670 -46 -208 20 -272
234 -669 -45 -187 71 -295
233 -669 -41 -191 83 -311
234 -669 -42 -211 40 -325
235 -670 -42 -209 40 -367
235 -671 -44 -219 45 -410
241 -675 -56 -242 0 -478
241 -675 -58 -244 -3 -480
244 -675 -59 -239 -2 -477
241 -677 -60 -216 11 -391
243 -677 -59 -208 22 -352
241 -676 -58 -212 34 -320
240 -677 -58 -210 34 -291
248 -653 -57 -188 83 -286
247 -653 -56 -191 81 -306
246 -654 -56 -212 39 -329
245 -653 -56 -212 43 -365
239 -665 -53 -222 29 -415
238 -667 -55 -225 17 -441
230 -678 -57 -233 -10 -480
229 -678 -57 -234 -13 -482
229 -679 -58 -232 -16 -482
247 -650 -73 -229 -7 -470
246 -650 -73 -221 15 -427
246 -650 -72 -210 30 -384
245 -650 -71 -210 48 -335
245 -650 -70 -212 53 -304
244 -650 -69 -205 46 -274
243 -650 -67 -183 88 -273
242 -652 -66 -184 90 -261
242 -652 -65 -185 91 -258
242 -652 -64 -188 92 -259
242 -652 -63 -199 94 -282
241 -653 -62 -219 55 -310
242 -653 -61 -224 52 -344
242 -653 -61 -223 43 -397
242 -653 -62 -235 14 -442
245 -653 -63 -240 -4 -481
245 -653 -63 -241 -15 -498
245 -653 -66 -241 -29 -510
247 -653 -66 -240 -32 -511
238 -664 -67 -239 -29 -506
249 -652 -64 -228 -21 -476
251 -652 -64 -219 -10 -441
252 -652 -63 -196 11 -395
253 -652 -61 -200 25 -373
247 -679 -55 -191 12 -325
248 -677 -53 -192 14 -302
256 -651 -50 -203 34 -283
256 -650 -49 -184 82 -309
255 -651 -47 -184 80 -308
256 -651 -47 -182 80 -311
256 -650 -47 -181 82 -331
256 -650 -46 -194 172 -343
259 -649 -47 -148 92 -436
260 -650 -48 -207 18 -433
260 -650 -51 -229 -11 -479
260 -650 -51 -246 -36 -516
260 -651 -51 -248 -53 -525
245 -676 -62 -249 -74 -524
244 -677 -62 -248 -77 -519
235 -677 -60 -225 -38 -429
239 -678 -56 -208 -4 -382
239 -678 -55 -200 -11 -339
244 -675 -47 -193 68 -253
245 -674 -48 -183 83 -319
246 -673 -47 -199 24 -325
246 -673 -49 -190 18 -377
247 -673 -50 -210 -6 -427
248 -674 -50 -217 -23 -468
243 -672 -55 -232 -51 -507
245 -674 -57 -236 -66 -514
244 -674 -58 -237 -73 -512
244 -675 -59 -234 -73 -505
243 -675 -60 -227 -26 -442
244 -675 -60 -229 0 -397
245 -676 -50 -216 23 -352
246 -676 -50 -216 24 -329
247 -677 -50 -221 47 -311
247 -678 -49 -193 103 -293
248 -678 -48 -166 91 -246
247 -678 -48 -191 96 -245
247 -678 -48 -173 89 -242
247 -678 -48 -194 92 -247
247 -678 -48 -194 94 -269
248 -677 -48 -195 91 -314
247 -677 -49 -208 27 -325
248 -676 -50 -201 8 -375
248 -676 -52 -218 3 -428
246 -677 -55 -236 -13 -466
245 -677 -57 -239 -33 -487
245 -677 -60 -240 -39 -493
244 -678 -63 -240 -42 -493
246 -671 -72 -239 -41 -484
251 -651 -70 -231 -24 -447
249 -659 -69 -220 7 -408
249 -649 -56 -184 93 -233
251 -649 -55 -156 82 -217
253 -650 -54 -177 91 -228
254 -649 -54 -179 94 -242
257 -648 -55 -184 95 -296
251 -648 -55 -199 39 -320
256 -648 -57 -197 18 -374
261 -648 -59 -214 3 -427
261 -649 -61 -223 -24 -460
260 -648 -63 -221 -33 -468
253 -666 -71 -216 -18 -431
244 -674 -71 -198 -6 -393
244 -674 -71 -214 28 -363
247 -675 -68 -214 36 -325
246 -675 -66 -212 33 -281
253 -676 -66 -197 90 -265
252 -677 -65 -205 90 -240
251 -681 -65 -185 84 -214
249 -681 -65 -183 81 -217
245 -684 -65 -186 78 -222
241 -689 -63 -222 46 -276
242 -686 -58 -238 8 -334
236 -687 -56 -223 -56 -396
228 -687 -53 -228 -82 -434
228 -687 -52 -228 -84 -434
226 -687 -51 -230 -74 -431
225 -687 -49 -222 -38 -388
226 -688 -46 -225 -2 -362
225 -658 -34 -225 24 -322
225 -649 -27 -229 43 -282
228 -651 -27 -210 79 -279
230 -652 -25 -210 85 -267
227 -653 -23 -209 85 -258
232 -655 -23 -196 83 -256
227 -657 -25 -203 84 -264
234 -657 -28 -197 78 -295
236 -652 -30 -201 65 -346
248 -651 -32 -200 27 -359
244 -658 -42 -199 -4 -421
236 -661 -48 -197 -33 -453
236 -684 -55 -195 -38 -457
235 -684 -56 -194 -39 -455
248 -683 -64 -179 2 -379
265 -658 -68 -158 78 -279
265 -668 -70 -168 77 -253
272 -663 -72 -153 55 -286
273 -662 -72 -143 39 -283
277 -661 -74 -137 36 -293
276 -666 -81 -171 41 -289
272 -663 -86 -152 27 -381
277 -663 -93 -175 -19 -348
276 -664 -98 -182 -7 -405
252 -657 -111 -186 -18 -427
251 -657 -117 -193 -25 -428
258 -657 -118 -196 -34 -412
260 -655 -118 -189 -29 -362
264 -654 -115 -193 -19 -332
271 -655 -111 -199 -4 -290
272 -656 -108 -203 -2 -272
276 -657 -102 -223 13 -233
277 -649 -95 -215 59 -225
277 -651 -91 -210 74 -217
295 -657 -71 -204 60 -218
283 -658 -67 -196 64 -207
254 -661 -74 -198 64 -233
250 -658 -73 -224 64 -270
243 -656 -72 -241 38 -286
248 -667 -77 -240 18 -334
246 -669 -79 -247 1 -359
232 -669 -85 -252 -1 -357
221 -665 -101 -257 -1 -350
262 -665 -118 -258 5 -319
256 -666 -112 -263 19 -277
238 -693 -125 -251 32 -228
229 -701 -125 -264 29 -200
225 -702 -131 -248 71 -161
196 -707 -148 -272 -3 -143
183 -712 -170 -254 74 -191
178 -712 -182 -264 61 -222
174 -709 -189 -270 30 -280
154 -685 -223 -250 62 -165
159 -680 -222 -233 87 -166
164 -681 -221 -231 83 -156
175 -682 -220 -227 82 -146
179 -687 -211 -222 83 -148
193 -697 -203 -243 80 -181
214 -700 -178 -218 80 -202
225 -707 -174 -231 100 -233
238 -713 -100 -263 43 -396
235 -689 -71 -275 60 -330
240 -686 -63 -276 71 -282
245 -675 -51 -271 86 -193
245 -676 -50 -261 97 -169
245 -675 -51 -254 94 -158
250 -673 -56 -250 91 -139
242 -674 -67 -246 91 -132
239 -673 -84 -239 91 -130
244 -676 -92 -236 90 -139
248 -679 -100 -248 99 -160
249 -678 -113 -245 106 -201
245 -679 -128 -275 93 -244
243 -677 -142 -280 84 -281
245 -675 -156 -279 86 -305
250 -671 -164 -276 82 -313
250 -664 -169 -275 82 -310
251 -660 -173 -279 86 -288
253 -656 -175 -274 85 -262
254 -656 -174 -266 85 -219
250 -652 -169 -265 90 -205
245 -653 -162 -248 111 -183
242 -647 -148 -241 110 -169
244 -649 -131 -230 109 -146
244 -649 -130 -230 105 -140
237 -652 -134 -229 114 -145
236 -677 -168 -309 99 -297
242 -687 -173 -303 105 -297
242 -686 -174 -284 112 -263
242 -688 -172 -290 124 -232
247 -689 -170 -273 118 -200
247 -689 -162 -252 141 -169
243 -695 -151 -236 133 -145
246 -694 -139 -240 134 -135
236 -698 -117 -248 129 -118
235 -705 -92 -265 144 -140
223 -709 -81 -329 125 -245
216 -707 -81 -336 118 -268
200 -705 -105 -268 140 -134
198 -704 -113 -265 139 -117
190 -700 -129 -243 125 -102
185 -698 -138 -245 123 -105
177 -698 -152 -247 122 -113
158 -694 -201 -288 77 -282
155 -694 -208 -297 66 -300
159 -691 -212 -301 63 -309
156 -692 -220 -307 73 -301
155 -691 -219 -306 86 -262
157 -692 -206 -320 110 -220
167 -690 -202 -306 108 -199
178 -690 -208 -271 123 -175
186 -693 -185 -277 124 -152
188 -695 -184 -264 119 -132
217 -710 -133 -281 114 -163
218 -711 -131 -294 107 -184
221 -715 -133 -316 102 -230
225 -717 -134 -323 90 -259
234 -717 -117 -327 78 -271
237 -693 -110 -327 74 -271
240 -693 -117 -333 92 -242
242 -682 -114 -286 119 -136
249 -678 -103 -284 90 -122
254 -678 -96 -269 84 -112
259 -681 -86 -261 70 -113
260 -680 -86 -242 74 -145
262 -684 -83 -254 78 -160
264 -687 -86 -241 88 -215
260 -677 -97 -224 51 -356
258 -674 -105 -216 34 -422
262 -659 -104 -225 21 -479
260 -662 -106 -228 12 -496
268 -657 -96 -227 4 -511
271 -657 -91 -226 1 -516
275 -655 -84 -225 1 -515
277 -656 -79 -211 5 -492
283 -659 -57 -194 18 -443
280 -671 1 -153 -34 -369
274 -672 5 -162 -38 -363
270 -673 11 -166 -40 -361
278 -679 29 -144 -5 -446
294 -685 20 -137 29 -609
269 -668 -23 -147 112 -512
269 -666 -27 -133 108 -440
255 -664 -32 -207 170 -371
241 -663 -49 -143 152 -327
237 -683 -54 -156 150 -325
237 -686 -70 -171 129 -459
236 -687 -71 -203 98 -454
232 -693 -106 -202 34 -683
225 -702 -116 -203 20 -699
210 -708 -111 -219 15 -691
207 -702 -109 -220 20 -682
205 -701 -105 -212 40 -646
203 -701 -103 -208 67 -600
195 -700 -101 -201 67 -537
188 -719 -98 -206 58 -465
191 -722 -89 -213 33 -398
195 -723 -76 -220 3 -344
201 -728 -48 -217 37 -302
202 -733 -37 -220 40 -301
203 -733 -31 -221 43 -303
209 -733 -20 -249 -3 -305
211 -732 -17 -244 52 -394
211 -729 -15 -261 21 -431
213 -727 -17 -258 23 -510
214 -726 -19 -266 8 -583
217 -727 -26 -266 -12 -643
222 -725 -34 -264 -22 -668
223 -727 -38 -262 -28 -681
225 -725 -41 -259 -29 -684
228 -725 -44 -254 -24 -680
228 -724 -53 -244 3 -648
230 -722 -53 -235 16 -601
224 -715 -58 -230 46 -553
222 -719 -61 -221 19 -482
210 -718 -63 -215 9 -420
195 -716 -48 -218 9 -349
206 -682 -19 -220 -25 -467
220 -666 -18 -226 -29 -612
230 -677 -17 -224 -52 -659
233 -681 -18 -226 -70 -693
237 -690 -23 -228 -83 -697
238 -695 -25 -227 -85 -696
243 -699 -30 -222 -83 -693
243 -704 -34 -221 -68 -666
246 -705 -36 -216 -46 -629
245 -702 -41 -219 -38 -580
234 -696 -46 -226 -80 -394
231 -699 -45 -231 -93 -371
233 -699 -43 -230 -97 -365
224 -673 -47 -231 -96 -366
224 -674 -46 -232 -91 -388
228 -674 -45 -230 -88 -440
234 -677 -45 -219 -84 -491
238 -671 -43 -212 -75 -548
249 -671 -43 -195 -76 -601
254 -672 -42 -193 -84 -639
263 -687 -39 -184 -106 -693
262 -691 -37 -184 -108 -692
264 -671 -32 -173 -103 -693
264 -669 -30 -158 -91 -671
262 -669 -29 -146 -84 -631
261 -664 -26 -140 -80 -579
260 -664 -23 -144 -84 -532
261 -671 -21 -146 -89 -482
260 -672 -18 -152 -87 -436
261 -673 -17 -170 -83 -402
261 -672 -18 -186 -83 -373
260 -674 -19 -193 -81 -366
259 -673 -19 -201 -81 -354
258 -673 -20 -205 -79 -355
255 -673 -19 -205 -77 -361
256 -671 -21 -207 -75 -395
257 -672 -22 -196 -59 -451
258 -672 -22 -190 -54 -504
260 -671 -24 -169 -51 -556
261 -670 -25 -159 -53 -606
261 -670 -32 -148 -69 -680
258 -669 -33 -148 -67 -683
257 -670 -33 -146 -65 -686
256 -669 -33 -139 -56 -670
257 -669 -32 -135 -46 -633
258 -669 -32 -143 -35 -590
261 -668 -30 -147 -22 -538
260 -659 -29 -156 -14 -482
261 -660 -29 -172 -11 -425
261 -662 -28 -189 -2 -384
259 -663 -28 -212 -2 -327
258 -667 -31 -220 -2 -302
257 -673 -29 -236 1 -277
250 -673 -34 -242 4 -276
250 -670 -35 -250 -8 -292
250 -678 -38 -251 -20 -369
250 -675 -44 -216 -22 -484
249 -673 -45 -212 -18 -535
256 -666 -44 -167 -35 -660
259 -664 -38 -160 -43 -670
260 -669 -37 -158 -48 -672
266 -662 -28 -172 -33 -533
266 -662 -27 -193 -32 -483
266 -664 -28 -210 -30 -430
261 -674 -29 -235 -35 -314
247 -699 -49 -256 -25 -252
237 -697 -71 -265 -30 -269
227 -690 -100 -245 -34 -446
224 -689 -108 -227 -33 -502
223 -688 -110 -219 -32 -543
224 -688 -110 -196 -32 -591
224 -687 -109 -191 -35 -610
228 -686 -108 -173 -43 -632
229 -684 -104 -168 -47 -645
229 -682 -99 -166 -52 -648
225 -682 -88 -163 -61 -650
233 -658 -66 -160 -66 -654
234 -666 -59 -156 -70 -654
238 -657 -45 -156 -71 -657
241 -655 -40 -155 -72 -655
242 -656 -37 -154 -72 -650
244 -658 -33 -155 -70 -619
246 -656 -31 -160 -63 -592
253 -656 -24 -168 -54 -543
256 -657 -20 -180 -48 -504
258 -659 -17 -198 -41 -447
259 -668 -17 -213 -27 -398
262 -697 -7 -225 -18 -354
265 -701 -4 -233 -5 -298
264 -702 -5 -238 2 -274
264 -704 -8 -243 12 -254
262 -704 -14 -246 15 -251
259 -703 -26 -249 16 -250
254 -683 -47 -246 20 -252
219 -668 -102 -213 17 -498
211 -649 -101 -203 1 -547
211 -643 -100 -179 -18 -593
206 -633 -74 -152 -77 -657
205 -637 -53 -153 -88 -656
206 -644 -44 -151 -94 -652
204 -646 -30 -153 -92 -653
202 -648 -22 -146 -84 -656
202 -659 -19 -138 -69 -654
208 -653 -12 -130 -40 -645
218 -647 -4 -120 -6 -612
244 -647 11 -112 17 -560
264 -646 23 -116 41 -506
277 -647 36 -116 69 -444
276 -642 42 -140 97 -385
246 -660 42 -205 114 -334
240 -638 49 -214 150 -285
233 -642 40 -223 150 -268
226 -642 -7 -230 63 -450
214 -635 -24 -227 31 -521
211 -638 -33 -216 -31 -584
204 -652 -47 -221 -101 -629
207 -639 -52 -232 -169 -618
207 -633 -52 -226 -214 -589
202 -652 -57 -221 -220 -594
205 -648 -53 -218 -226 -595
221 -655 -28 -225 -58 -547
233 -654 -16 -230 -9 -512
244 -655 -10 -247 39 -460
245 -675 9 -285 150 -291
244 -663 9 -281 155 -275
244 -661 -2 -214 121 -321
246 -661 -7 -225 121 -349
238 -678 -32 -276 30 -440
236 -678 -41 -269 -7 -530
232 -679 -69 -242 -70 -601
230 -679 -76 -222 -130 -636
226 -680 -83 -214 -161 -629
221 -679 -90 -211 -166 -626
222 -679 -94 -200 -163 -612
222 -679 -95 -194 -125 -601
225 -676 -91 -201 -84 -564
237 -675 -89 -190 -38 -526
240 -674 -85 -202 5 -471
249 -652 -69 -217 -1 -412
250 -652 -64 -257 58 -358
252 -656 -53 -268 68 -345
260 -679 -35 -261 27 -286
262 -690 -32 -230 68 -327
260 -681 -27 -173 87 -347
260 -679 -26 -238 -28 -314
263 -671 -24 -231 -26 -323
266 -664 -25 -191 -13 -451
276 -661 -26 -166 -31 -536
272 -661 -28 -160 -76 -618
262 -664 -29 -147 -140 -637
253 -690 -45 -147 -155 -630
252 -693 -45 -149 -146 -609
251 -692 -50 -150 -114 -559
247 -689 -53 -158 -66 -512
250 -692 -53 -153 -50 -439
250 -695 -42 -165 -107 -279
255 -672 -24 -165 -104 -279
255 -673 -25 -167 -89 -309
257 -673 -25 -148 -18 -395
258 -673 -26 -142 -28 -396
259 -676 -25 -148 -31 -489
261 -672 -26 -160 -57 -561
264 -671 -27 -162 -80 -585
265 -695 -36 -165 -77 -581
265 -693 -38 -173 -55 -519
266 -691 -41 -163 -53 -446
269 -693 -44 -174 -64 -381
267 -694 -46 -149 -46 -399
266 -694 -45 -144 -32 -336
264 -696 -46 -148 -39 -319
261 -699 -48 -165 -12 -364
261 -668 -46 -203 -33 -345
258 -687 -64 -209 -33 -334
255 -687 -64 -166 -7 -347
254 -686 -65 -176 -24 -312
254 -686 -65 -198 -104 -255
252 -686 -64 -199 -104 -254
252 -686 -65 -196 -95 -252
252 -686 -65 -174 -11 -332
252 -686 -64 -214 -22 -330
254 -686 -64 -194 -55 -391
254 -686 -65 -200 -59 -452
255 -686 -66 -198 -70 -455
253 -687 -66 -190 -72 -423
252 -687 -66 -190 -63 -353
251 -686 -66 -203 -21 -287
250 -685 -65 -180 -22 -263
250 -685 -65 -183 -24 -256
250 -685 -63 -178 -23 -248
249 -684 -63 -204 -103 -229
249 -684 -61 -178 -53 -323
249 -684 -62 -213 -54 -303
248 -683 -64 -222 -54 -371
248 -684 -65 -236 -77 -425
247 -685 -68 -238 -92 -433
246 -684 -68 -230 -98 -417
245 -684 -70 -206 -90 -360
245 -684 -70 -210 -69 -310
245 -684 -72 -180 -31 -318
246 -681 -71 -174 -19 -293
246 -680 -70 -184 -6 -236
249 -679 -69 -184 -6 -237
249 -679 -70 -202 -35 -227
252 -679 -71 -260 -87 -376
252 -680 -72 -275 -41 -318
253 -680 -72 -233 8 -305
256 -680 -74 -157 -17 -281
256 -680 -74 -167 -25 -296
262 -655 -74 -210 5 -248
258 -675 -77 -186 6 -252
263 -678 -80 -199 -33 -368
267 -677 -81 -195 -25 -376
274 -657 -82 -185 -20 -363
275 -662 -81 -178 -61 -304
274 -666 -81 -177 -53 -270
275 -670 -81 -143 16 -259
271 -679 -79 -148 -31 -302
267 -679 -79 -146 -37 -308
269 -679 -76 -184 -88 -251
267 -676 -73 -185 -75 -281
274 -657 -68 -186 -61 -336
275 -657 -69 -174 -54 -392
276 -658 -69 -177 -52 -393
280 -681 -73 -172 -49 -360
279 -674 -75 -139 -1 -335
282 -653 -83 -172 -7 -323
281 -654 -85 -173 -3 -317
283 -654 -83 -107 -12 -309
271 -649 -78 -118 -31 -294
273 -647 -75 -174 -31 -224
272 -652 -74 -175 -11 -235
333 -647 -46 -128 -33 -344
279 -653 -80 -140 16 -374
290 -651 -78 -163 -49 -410
298 -653 -80 -167 -62 -463
299 -654 -81 -167 -62 -464
301 -655 -83 -169 -45 -428
302 -651 -87 -155 -33 -377
302 -651 -86 -147 -3 -363
300 -652 -86 -147 -1 -339
302 -656 -87 -143 4 -316
289 -647 -82 -120 20 -254
289 -646 -80 -125 18 -257
286 -647 -82 -144 5 -285
287 -645 -85 -150 -30 -363
288 -645 -89 -157 -36 -367
288 -642 -92 -189 -45 -448
280 -642 -96 -189 -59 -405
280 -642 -97 -165 -85 -352
280 -642 -97 -162 -65 -298
280 -658 -90 -166 -78 -274
282 -646 -82 -169 -86 -261
291 -649 -70 -170 -68 -403
296 -646 -71 -181 -81 -472
293 -640 -76 -188 -95 -487
292 -655 -86 -170 -51 -377
292 -653 -91 -145 4 -385
301 -642 -95 -142 -4 -328
300 -642 -94 -135 -15 -264
299 -640 -93 -110 -20 -282
297 -642 -95 -124 -4 -389
289 -643 -100 -143 -51 -419
289 -648 -99 -141 -89 -502
298 -639 -85 -142 -120 -526
297 -642 -81 -139 -87 -462
297 -650 -75 -122 -17 -382
294 -649 -70 -108 -13 -319
290 -647 -63 -154 -4 -280
283 -649 -56 -160 -7 -273
270 -653 -50 -171 -13 -228
271 -651 -44 -126 -19 -310
276 -653 -36 -123 -16 -363
274 -655 -38 -152 -64 -358
301 -657 -44 -150 -33 -414
304 -659 -44 -149 -41 -484
289 -677 -81 -177 -94 -598
262 -677 -100 -182 -7 -362
257 -678 -99 -206 -16 -296
250 -679 -98 -189 -62 -249
237 -683 -75 -169 -35 -337
238 -686 -73 -161 -22 -364
241 -687 -65 -190 30 -378
241 -688 -63 -195 -33 -403
245 -689 -61 -192 -37 -481
243 -691 -58 -203 -65 -556
246 -692 -57 -203 -100 -599
237 -694 -57 -211 -109 -604
238 -691 -52 -214 -109 -599
239 -693 -49 -202 -97 -567
241 -697 -48 -192 -65 -510
246 -699 -50 -182 -37 -448
247 -700 -48 -181 -8 -375
243 -703 -49 -207 -14 -312
243 -703 -51 -228 26 -231
242 -705 -50 -225 -5 -238
240 -707 -52 -219 34 -169
239 -709 -55 -241 -38 -232
218 -700 -74 -232 5 -398
218 -694 -74 -213 7 -470
221 -695 -74 -214 13 -552
226 -689 -73 -197 -23 -616
221 -689 -77 -204 -73 -657
216 -690 -82 -212 -102 -658
211 -690 -84 -211 -104 -657
219 -692 -79 -202 -103 -641
218 -690 -78 -200 -79 -588
225 -690 -70 -183 -50 -529
225 -690 -69 -186 -28 -461
224 -689 -67 -187 -22 -380
224 -688 -65 -219 -14 -310
227 -689 -61 -197 -85 -265
231 -691 -56 -174 -35 -320
230 -693 -47 -216 -106 -247
234 -695 -43 -214 -111 -251
244 -697 -39 -202 -104 -257
243 -697 -38 -197 -96 -324
235 -691 -31 -194 -57 -361
244 -662 -36 -178 -51 -436
274 -663 -32 -152 -72 -515
273 -654 -31 -156 -80 -596
268 -653 -29 -152 -121 -643
266 -656 -30 -155 -147 -656
262 -658 -32 -156 -151 -659
258 -652 -32 -156 -151 -656
257 -651 -31 -159 -132 -633
257 -653 -30 -156 -112 -574
256 -656 -31 -151 -84 -509
255 -657 -30 -142 -85 -427
254 -660 -26 -157 -59 -337
257 -650 -23 -177 -73 -352
260 -658 -24 -160 -73 -429
262 -649 -22 -142 -80 -598
262 -648 -22 -124 -125 -653
262 -657 -23 -135 -157 -679
263 -660 -25 -132 -172 -670
263 -661 -25 -131 -171 -670
261 -659 -25 -120 -138 -629
256 -655 -27 -123 -103 -583
255 -654 -26 -131 -58 -516
258 -654 -24 -123 -45 -420
261 -659 -24 -145 -117 -283
262 -660 -23 -51 -109 -327
263 -661 -22 -121 -59 -296
264 -662 -20 -162 -69 -248
262 -662 -23 -183 -124 -276
261 -661 -24 -180 -130 -329
262 -659 -29 -165 -122 -395
262 -658 -34 -168 -110 -468
263 -658 -37 -171 -130 -547
263 -657 -41 -169 -168 -618
263 -657 -46 -169 -204 -649
264 -657 -54 -166 -223 -640
260 -672 -62 -166 -214 -638
261 -674 -64 -162 -191 -616
260 -675 -66 -155 -158 -570
259 -676 -69 -153 -138 -500
257 -675 -67 -144 -119 -422
256 -677 -67 -166 -107 -343
256 -680 -64 -165 -144 -290
255 -669 -62 -147 -71 -320
255 -658 -60 -172 -46 -263
254 -656 -60 -168 -40 -262
253 -655 -58 -204 -123 -285
254 -655 -58 -197 -123 -327
255 -656 -58 -194 -66 -355
257 -656 -59 -185 -68 -432
262 -653 -60 -168 -57 -514
261 -652 -62 -160 -77 -592
259 -676 -68 -160 -112 -646
258 -678 -70 -162 -144 -666
259 -678 -72 -162 -146 -667
259 -678 -72 -164 -138 -658
259 -678 -72 -163 -96 -607
260 -678 -71 -159 -74 -539
260 -678 -71 -149 -59 -459
258 -679 -68 -163 -63 -383
257 -680 -64 -139 -41 -351
256 -682 -59 -139 -76 -323
255 -683 -55 -138 -67 -304
261 -660 -45 -139 -67 -299
258 -660 -45 -171 -150 -259
254 -660 -47 -189 -112 -289
254 -660 -47 -175 -108 -329
253 -661 -50 -176 -64 -381
256 -661 -50 -165 -61 -450
260 -660 -52 -162 -81 -536
262 -660 -53 -171 -112 -606
261 -660 -55 -174 -150 -656
261 -661 -63 -180 -203 -670
259 -669 -63 -180 -204 -667
260 -661 -64 -178 -195 -659
260 -661 -64 -168 -157 -622
258 -661 -65 -170 -139 -570
255 -660 -65 -170 -122 -502
257 -663 -61 -167 -54 -388
256 -692 -47 -180 -141 -268
253 -693 -44 -146 -84 -331
250 -694 -43 -191 -140 -249
259 -668 -45 -205 -124 -276
263 -668 -43 -190 -131 -325
256 -673 -44 -178 -114 -354
257 -681 -46 -163 -83 -407
256 -679 -49 -134 -111 -596
256 -682 -50 -138 -135 -656
259 -657 -49 -142 -109 -640
258 -654 -48 -147 -80 -597
257 -655 -42 -138 -54 -537
259 -649 -36 -140 -34 -471
267 -651 -26 -140 -31 -405
268 -645 -22 -155 -30 -339
267 -646 -19 -133 -25 -319
273 -648 -11 -133 -24 -301
272 -655 -13 -164 -111 -246
272 -683 -7 -170 -112 -245
269 -665 -11 -173 -112 -252
268 -662 -17 -170 -115 -288
272 -658 -21 -165 -69 -323
278 -660 -24 -146 -37 -359
282 -658 -28 -148 -44 -433
284 -658 -28 -163 -62 -515
283 -657 -33 -165 -97 -577
282 -655 -38 -172 -128 -605
277 -652 -43 -175 -136 -606
275 -654 -47 -177 -138 -606
275 -654 -52 -172 -130 -578
275 -654 -53 -172 -115 -534
273 -655 -55 -171 -95 -505
273 -653 -56 -166 -84 -450
274 -677 -56 -173 -45 -329
278 -682 -57 -191 -48 -254
281 -683 -58 -195 -74 -245
278 -683 -62 -216 -102 -246
278 -681 -65 -216 -104 -248
278 -677 -70 -216 -107 -259
277 -676 -77 -209 -108 -289
277 -674 -81 -215 -75 -331
276 -673 -86 -222 -66 -388
276 -673 -89 -226 -87 -435
276 -673 -92 -232 -106 -468
274 -673 -97 -231 -118 -480
273 -674 -100 -229 -123 -488
273 -674 -100 -227 -124 -487
273 -674 -100 -223 -124 -473
276 -674 -98 -208 -113 -436
281 -676 -91 -207 -108 -388
293 -680 -82 -213 -103 -352
300 -679 -76 -218 -89 -311
316 -682 -68 -225 -86 -260
340 -688 -60 -232 -77 -236
353 -690 -52 -226 -21 -239
358 -687 -50 -229 -17 -239
364 -686 -41 -233 -13 -239
377 -687 -24 -237 -11 -255
382 -686 -18 -257 -63 -252
389 -686 -7 -261 -53 -291
393 -685 -11 -266 -56 -335
393 -663 -20 -285 -45 -389
396 -657 -24 -285 -93 -440
401 -668 -29 -284 -111 -481
403 -662 -34 -280 -125 -508
405 -658 -39 -279 -133 -522
409 -654 -40 -277 -137 -524
415 -644 -53 -233 -79 -345
414 -643 -53 -232 -73 -299
414 -642 -54 -228 -100 -276
415 -642 -54 -232 -100 -255
415 -642 -54 -234 -99 -244
415 -642 -54 -236 -99 -240
416 -642 -53 -236 -99 -240
416 -642 -53 -234 5 -267
418 -649 -49 -238 13 -285
420 -647 -49 -246 -6 -306
421 -647 -50 -226 -45 -374
430 -643 -49 -235 -34 -433
432 -642 -50 -226 -52 -494
432 -639 -52 -220 -74 -528
431 -638 -54 -221 -80 -537
432 -637 -56 -220 -81 -536
433 -637 -60 -216 -73 -515
432 -635 -64 -205 -46 -467
432 -633 -68 -199 -52 -416
433 -632 -71 -200 -46 -363
433 -633 -73 -197 -44 -306
430 -633 -74 -205 -79 -286
429 -635 -73 -216 -102 -260
428 -636 -73 -219 -99 -242
427 -635 -72 -202 -18 -298
426 -636 -69 -201 -17 -296
421 -639 -67 -220 -98 -235
419 -640 -65 -209 -80 -256
417 -647 -60 -209 -56 -278
415 -645 -59 -198 -36 -329
417 -648 -60 -203 -19 -373
417 -651 -62 -203 -32 -442
416 -653 -63 -211 -54 -514
402 -650 -80 -236 -88 -486
401 -650 -82 -242 -62 -433
399 -656 -80 -227 -55 -367
398 -660 -78 -228 -44 -312
386 -668 -71 -229 -98 -242
383 -671 -66 -227 -98 -240
381 -675 -62 -224 -99 -246
378 -676 -58 -191 -74 -283
373 -675 -55 -200 -54 -308
374 -672 -53 -199 -16 -356
373 -671 -55 -195 -23 -414
373 -671 -56 -188 -27 -467
373 -669 -57 -207 -34 -520
372 -665 -59 -208 -39 -527
372 -665 -59 -208 -39 -528
374 -668 -61 -204 -34 -517
376 -669 -65 -193 -2 -467
378 -666 -68 -183 -21 -413
379 -651 -74 -175 -10 -356
377 -655 -76 -184 -16 -305
373 -660 -75 -187 9 -304
371 -661 -74 -180 12 -270
369 -665 -73 -205 -98 -238
368 -670 -72 -211 -105 -238
364 -671 -70 -213 -104 -236
359 -673 -65 -214 -102 -239
353 -676 -57 -198 -49 -353
352 -677 -53 -213 -32 -415
352 -675 -48 -213 -35 -483
359 -674 -42 -206 -58 -529
358 -674 -40 -201 -66 -537
355 -675 -38 -200 -68 -546
356 -676 -37 -197 -68 -544
356 -675 -37 -192 -56 -533
356 -675 -36 -183 -31 -487
355 -674 -38 -183 -21 -452
348 -676 -43 -189 -27 -403
345 -677 -44 -199 -15 -353
343 -677 -44 -205 -23 -327
339 -675 -45 -195 -82 -302
335 -676 -45 -198 -88 -300
333 -676 -47 -201 -81 -287
331 -676 -49 -204 -108 -287
329 -678 -50 -192 19 -295
328 -676 -53 -203 19 -303
327 -676 -53 -211 -5 -304
326 -677 -54 -211 -13 -357
327 -677 -55 -203 -25 -413
329 -676 -57 -213 -27 -476
330 -676 -60 -224 -50 -534
330 -676 -64 -226 -84 -563
331 -677 -66 -233 -96 -581
333 -677 -68 -234 -101 -585
334 -677 -70 -235 -102 -585
338 -674 -73 -236 -96 -570
338 -672 -76 -235 -61 -536
342 -672 -75 -226 -38 -500
344 -671 -74 -210 -22 -439
344 -672 -74 -203 -31 -389
343 -672 -73 -192 -62 -354
341 -674 -73 -195 -77 -328
338 -674 -70 -210 -107 -310
336 -676 -68 -213 -112 -303
334 -677 -64 -215 -113 -295
331 -679 -61 -217 -113 -293
328 -683 -57 -220 -115 -296
327 -687 -53 -217 -117 -314
326 -687 -51 -219 -64 -343
325 -687 -48 -221 -62 -395
325 -688 -46 -217 -69 -455
327 -690 -36 -218 -56 -515
330 -688 -36 -210 -72 -574
331 -688 -37 -211 -98 -607
332 -690 -36 -211 -109 -618
333 -690 -37 -211 -110 -621
331 -690 -38 -192 -70 -380
330 -691 -39 -188 -117 -339
328 -689 -38 -193 -125 -317
327 -689 -37 -195 -127 -296
325 -688 -35 -194 -132 -286
324 -688 -34 -195 -131 -284
323 -688 -33 -198 -129 -287
323 -689 -32 -195 -129 -311
326 -690 -32 -182 -108 -352
326 -689 -35 -188 -60 -392
328 -689 -35 -185 -60 -456
335 -680 -38 -178 -69 -525
340 -685 -43 -180 -75 -580
342 -682 -47 -181 -85 -607
343 -682 -48 -180 -90 -615
344 -679 -51 -180 -89 -616
345 -678 -51 -177 -80 -601
348 -678 -50 -171 -66 -558
349 -675 -50 -164 -58 -504
348 -673 -49 -154 -55 -447
343 -674 -50 -170 -52 -399
334 -680 -36 -181 -129 -309
333 -683 -33 -181 -131 -307
331 -681 -31 -162 -72 -352
328 -683 -30 -183 -138 -358
327 -683 -27 -188 -92 -381
329 -682 -27 -177 -83 -436
335 -683 -28 -171 -90 -499
339 -682 -29 -172 -78 -553
343 -681 -30 -171 -73 -595
348 -681 -32 -170 -74 -615
351 -679 -38 -168 -78 -629
353 -679 -40 -168 -78 -631
355 -678 -45 -166 -77 -629
356 -680 -47 -160 -68 -597
356 -680 -48 -156 -60 -552
356 -680 -47 -143 -59 -441
348 -679 -46 -158 -77 -392
346 -678 -46 -165 -80 -347
340 -678 -46 -166 -117 -314
335 -678 -47 -140 -72 -319
334 -680 -47 -180 -133 -299
332 -682 -46 -178 -140 -307
331 -682 -46 -181 -115 -324
332 -682 -46 -183 -87 -360
334 -682 -46 -172 -77 -412
336 -683 -46 -173 -71 -474
342 -674 -45 -167 -93 -534
346 -674 -45 -167 -91 -586
350 -665 -43 -167 -95 -620
352 -667 -42 -170 -99 -631
354 -668 -40 -169 -99 -633
357 -668 -40 -167 -98 -632
358 -673 -39 -167 -80 -609
358 -675 -39 -155 -62 -519
353 -677 -33 -154 -60 -461
343 -679 -27 -150 -77 -356
335 -680 -25 -137 -60 -323
336 -680 -22 -158 -133 -286
334 -677 -19 -123 -101 -372
337 -677 -9 -179 -77 -376
340 -677 -8 -172 -77 -428
345 -676 -6 -174 -85 -482
352 -678 -5 -185 -97 -531
358 -677 -4 -182 -103 -572
360 -675 -5 -183 -118 -604
361 -674 -5 -186 -123 -617
363 -673 -13 -187 -126 -620
364 -671 -20 -186 -126 -617
360 -665 -33 -188 -116 -588
359 -669 -36 -183 -108 -551
347 -668 -53 -165 -100 -363
345 -662 -55 -167 -131 -280
340 -657 -68 -163 -107 -319
345 -659 -71 -167 -87 -372
348 -659 -70 -163 -91 -422
349 -657 -67 -161 -86 -478
352 -654 -66 -169 -99 -514
356 -653 -63 -171 -102 -552
359 -653 -61 -172 -105 -587
362 -653 -57 -172 -109 -604
365 -654 -53 -171 -113 -612
366 -657 -49 -170 -115 -615
367 -659 -45 -170 -115 -615
368 -661 -33 -170 -111 -600
367 -665 -22 -167 -105 -560
360 -670 -16 -152 -91 -430
349 -676 -15 -159 -127 -323
347 -676 -19 -160 -126 -317
343 -672 -25 -164 -123 -312
341 -673 -31 -163 -105 -309
338 -670 -36 -166 -92 -320
337 -667 -42 -166 -92 -349
337 -666 -46 -167 -67 -396
338 -664 -53 -156 -55 -436
342 -662 -58 -151 -59 -477
344 -661 -59 -151 -55 -528
345 -661 -60 -149 -57 -556
345 -661 -62 -149 -64 -594
346 -660 -62 -147 -69 -603
347 -661 -61 -147 -76 -611
346 -662 -59 -148 -79 -612
338 -673 -24 -146 -75 -484
335 -677 -10 -146 -66 -426
325 -676 9 -183 -118 -283
325 -674 9 -185 -119 -279
325 -674 9 -186 -119 -280
324 -674 8 -193 -110 -290
324 -674 2 -191 -106 -314
323 -676 -4 -187 -106 -352
323 -675 -12 -183 -100 -404
321 -673 -22 -181 -96 -443
321 -673 -27 -186 -82 -492
322 -673 -30 -184 -89 -526
324 -673 -33 -181 -94 -553
324 -674 -34 -177 -99 -570
325 -675 -36 -178 -99 -574
326 -678 -36 -178 -99 -572
326 -678 -38 -175 -98 -552
324 -680 -38 -173 -91 -506
323 -679 -39 -171 -83 -480
322 -682 -38 -163 -80 -423
321 -681 -39 -169 -74 -386
319 -681 -39 -175 -83 -351
319 -681 -39 -179 -87 -317
317 -681 -38 -187 -98 -293
315 -681 -36 -191 -113 -283
314 -681 -36 -191 -112 -280
313 -682 -36 -193 -114 -281
312 -683 -37 -189 -111 -288
312 -683 -37 -186 -84 -314
312 -682 -38 -182 -70 -348
312 -681 -40 -183 -64 -383
313 -678 -42 -181 -58 -433
317 -678 -47 -182 -66 -469
319 -678 -49 -187 -81 -505
322 -680 -59 -185 -92 -532
325 -679 -61 -185 -101 -559
326 -679 -63 -187 -106 -569
326 -678 -63 -189 -110 -570
326 -679 -64 -189 -110 -569
328 -679 -63 -186 -107 -542
326 -679 -63 -183 -97 -504
326 -677 -62 -175 -94 -463
324 -676 -57 -172 -87 -388
322 -676 -53 -173 -69 -351
319 -682 -46 -174 -66 -326
317 -678 -44 -175 -78 -303
316 -678 -44 -177 -73 -307
318 -679 -43 -176 -68 -327
318 -676 -46 -175 -68 -361
319 -674 -46 -176 -77 -407
319 -672 -48 -175 -80 -444
319 -668 -51 -185 -90 -482
318 -667 -56 -189 -108 -511
317 -666 -60 -195 -119 -540
314 -665 -68 -199 -130 -556
314 -664 -72 -207 -142 -570
313 -664 -75 -208 -143 -569
313 -664 -76 -209 -141 -564
313 -664 -76 -206 -128 -539
313 -664 -75 -206 -113 -504
313 -664 -73 -200 -93 -471
313 -665 -72 -205 -78 -427
312 -665 -69 -188 -74 -379
310 -666 -62 -194 -77 -355
309 -666 -60 -194 -88 -313
308 -664 -59 -195 -87 -304
307 -662 -58 -197 -109 -276
306 -662 -57 -206 -92 -265
306 -660 -57 -208 -87 -266
304 -663 -60 -211 -85 -274
303 -663 -62 -214 -79 -294
301 -660 -73 -218 -71 -338
300 -658 -81 -216 -56 -373
299 -656 -92 -205 -59 -418
300 -655 -102 -205 -65 -460
303 -656 -114 -212 -73 -523
304 -652 -116 -216 -80 -545
304 -652 -118 -222 -85 -566
304 -652 -118 -222 -85 -566
305 -653 -113 -219 -86 -564
307 -656 -86 -212 -69 -517
307 -658 -79 -197 -66 -476
309 -660 -70 -203 -46 -447
311 -664 -61 -203 -59 -395
317 -673 -41 -194 -72 -334
317 -674 -38 -194 -78 -322
318 -674 -38 -195 -80 -314
318 -675 -39 -200 -79 -311
319 -673 -41 -206 -74 -313
318 -674 -41 -210 -71 -328
319 -673 -47 -213 -66 -360
318 -672 -49 -214 -64 -398
317 -673 -54 -220 -47 -444
315 -668 -66 -212 -67 -474
312 -664 -77 -225 -75 -503
311 -662 -83 -228 -82 -531
310 -663 -84 -226 -90 -540
309 -664 -86 -225 -96 -546
307 -666 -91 -226 -97 -548
306 -667 -91 -225 -99 -543
306 -667 -92 -218 -94 -517
307 -667 -91 -220 -88 -488
309 -666 -86 -208 -89 -440
312 -661 -76 -206 -95 -415
313 -663 -72 -210 -92 -395
316 -661 -63 -206 -97 -372
319 -654 -55 -210 -98 -363
318 -653 -51 -216 -94 -358
320 -650 -46 -217 -91 -356
322 -646 -43 -220 -85 -359
323 -645 -42 -223 -69 -384
323 -641 -38 -221 -59 -414
323 -640 -37 -223 -45 -448
324 -641 -37 -226 -45 -492
324 -641 -39 -221 -59 -515
324 -641 -40 -217 -70 -546
323 -640 -42 -228 -70 -567
322 -639 -43 -233 -72 -581
319 -639 -46 -240 -79 -582
317 -638 -49 -243 -81 -580
315 -638 -50 -243 -82 -572
311 -637 -53 -242 -82 -543
309 -636 -58 -233 -83 -514
308 -635 -60 -234 -76 -478
307 -635 -62 -234 -84 -435
306 -635 -62 -233 -88 -405
304 -635 -64 -229 -93 -363
303 -634 -63 -219 -95 -323
303 -634 -62 -216 -97 -313
303 -633 -62 -215 -97 -311
304 -633 -62 -213 -94 -315
303 -631 -61 -215 -76 -346
303 -630 -61 -210 -75 -363
305 -631 -62 -201 -67 -415
307 -629 -62 -205 -52 -453
308 -627 -63 -207 -59 -486
309 -628 -65 -214 -88 -523
309 -629 -68 -216 -99 -544
310 -630 -69 -225 -115 -564
310 -631 -72 -227 -124 -567
310 -632 -74 -227 -131 -563
309 -633 -75 -226 -135 -550
306 -635 -77 -221 -133 -519
305 -636 -78 -216 -127 -488
302 -636 -78 -213 -127 -447
299 -638 -78 -209 -130 -420
297 -640 -78 -213 -128 -384
295 -641 -75 -222 -132 -356
287 -657 -72 -227 -131 -334
287 -659 -71 -231 -132 -320
287 -658 -71 -238 -134 -298
286 -659 -72 -240 -135 -292
286 -658 -71 -241 -134 -292
285 -658 -73 -243 -132 -297
286 -655 -75 -242 -129 -312
285 -656 -76 -244 -123 -358
286 -655 -78 -243 -122 -389
286 -656 -81 -246 -124 -437
286 -656 -85 -252 -123 -479
287 -656 -88 -254 -124 -509
288 -657 -89 -258 -130 -526
289 -658 -93 -258 -132 -536
291 -659 -94 -257 -133 -537
292 -659 -94 -255 -130 -533
292 -660 -93 -245 -118 -509
292 -660 -92 -233 -110 -477
292 -660 -89 -222 -108 -441
293 -661 -85 -212 -108 -403
292 -665 -77 -213 -107 -370
291 -664 -72 -225 -110 -329
292 -666 -66 -227 -114 -300
292 -668 -60 -232 -111 -262
292 -670 -57 -233 -111 -252
291 -670 -54 -234 -111 -247
291 -670 -54 -234 -107 -251
291 -670 -52 -234 -105 -263
290 -671 -53 -230 -99 -300
291 -671 -53 -229 -103 -341
289 -671 -56 -233 -107 -397
289 -670 -59 -242 -120 -451
289 -669 -61 -247 -137 -490
288 -670 -66 -246 -142 -500
287 -669 -69 -247 -142 -501
286 -668 -73 -244 -140 -495
287 -667 -76 -224 -132 -446
287 -666 -77 -218 -132 -415
282 -670 -66 -232 -107 -267
278 -673 -63 -227 -108 -258
273 -678 -59 -209 -82 -343
273 -679 -57 -241 -60 -254
270 -681 -53 -244 -56 -263
268 -684 -52 -230 -85 -296
267 -683 -52 -221 -86 -332
267 -683 -52 -228 -87 -390
266 -686 -52 -218 -99 -446
266 -688 -53 -229 -116 -504
266 -689 -53 -239 -133 -538
266 -684 -53 -241 -142 -542
270 -680 -55 -242 -142 -542
272 -679 -57 -241 -131 -518
275 -676 -59 -240 -119 -477
275 -674 -60 -234 -116 -425
275 -674 -61 -232 -115 -382
275 -674 -60 -237 -116 -337
273 -677 -59 -244 -121 -301
272 -680 -54 -248 -123 -278
266 -682 -55 -249 -122 -272
266 -683 -53 -248 -121 -270
261 -664 -45 -265 -125 -312
259 -663 -45 -271 -125 -351
260 -660 -46 -273 -130 -436
262 -667 -51 -282 -140 -509
263 -666 -51 -283 -147 -530
265 -668 -53 -279 -144 -530
265 -672 -57 -266 -135 -511
267 -675 -58 -253 -127 -484
268 -676 -57 -235 -128 -433
270 -678 -57 -236 -127 -407
270 -679 -56 -228 -130 -352
270 -679 -55 -232 -126 -329
268 -679 -55 -234 -126 -298
268 -678 -55 -237 -122 -281
266 -665 -55 -239 -121 -274
266 -664 -55 -237 -120 -271
263 -663 -56 -235 -114 -274
262 -663 -56 -237 -110 -290
262 -662 -56 -238 -105 -331
262 -661 -56 -245 -99 -366
262 -660 -57 -241 -91 -413
263 -660 -59 -240 -107 -450
265 -668 -61 -247 -118 -487
265 -670 -62 -252 -124 -511
265 -672 -64 -252 -128 -516
265 -673 -65 -252 -129 -516
266 -673 -67 -247 -125 -506
268 -675 -69 -231 -118 -466
271 -677 -69 -231 -116 -440
271 -678 -70 -223 -116 -384
271 -678 -69 -224 -117 -367
270 -678 -68 -222 -127 -315
271 -679 -66 -226 -126 -301
269 -678 -64 -227 -129 -271
269 -680 -61 -226 -129 -267
271 -663 -56 -225 -131 -265
272 -659 -53 -226 -131 -268
269 -659 -53 -227 -130 -285
269 -658 -53 -235 -128 -311
269 -658 -54 -236 -125 -339
268 -667 -56 -241 -126 -377
267 -667 -56 -249 -121 -415
267 -668 -57 -250 -124 -455
267 -674 -58 -253 -131 -487
271 -660 -59 -256 -138 -507
270 -664 -60 -255 -143 -521
270 -665 -62 -255 -144 -523
271 -669 -61 -254 -143 -523
271 -671 -60 -244 -138 -497
270 -673 -60 -233 -129 -459
270 -675 -60 -218 -125 -415
269 -678 -56 -208 -121 -377
269 -672 -53 -201 -125 -331
269 -664 -49 -206 -114 -302
269 -676 -43 -205 -119 -283
268 -677 -41 -208 -117 -270
269 -673 -38 -209 -117 -268
270 -661 -39 -210 -119 -273
269 -661 -39 -220 -120 -310
268 -674 -43 -226 -124 -333
268 -672 -44 -235 -128 -377
269 -675 -45 -234 -133 -408
269 -676 -45 -249 -148 -459
269 -677 -46 -259 -154 -477
266 -682 -56 -269 -185 -517
265 -682 -57 -262 -176 -499
265 -683 -57 -249 -162 -463
264 -682 -56 -243 -150 -426
264 -662 -51 -241 -144 -396
266 -657 -48 -237 -135 -356
266 -656 -45 -235 -131 -328
265 -658 -44 -232 -122 -303
263 -666 -41 -234 -115 -291
265 -657 -36 -236 -110 -291
265 -657 -36 -241 -96 -312
265 -658 -38 -238 -90 -333
263 -659 -43 -248 -87 -492
260 -672 -51 -249 -100 -530
257 -675 -54 -253 -107 -548
255 -677 -56 -253 -113 -561
255 -677 -57 -254 -117 -567
255 -677 -58 -254 -118 -569
253 -677 -59 -255 -118 -566
253 -678 -61 -241 -110 -540
253 -688 -62 -231 -110 -506
253 -689 -61 -224 -101 -475
253 -689 -61 -226 -97 -440
253 -689 -59 -215 -100 -403
253 -680 -55 -214 -102 -367
254 -690 -54 -213 -104 -348
254 -690 -52 -219 -104 -326
254 -690 -52 -218 -106 -318
254 -690 -51 -219 -109 -310
257 -664 -47 -219 -109 -311
257 -663 -47 -225 -99 -325
257 -663 -47 -218 -90 -362
257 -662 -49 -223 -77 -405
260 -673 -53 -215 -77 -455
263 -674 -56 -227 -79 -495
261 -675 -57 -225 -91 -522
262 -677 -59 -228 -97 -546
262 -679 -63 -233 -103 -558
261 -680 -66 -236 -107 -564
261 -681 -69 -236 -109 -565
261 -681 -71 -238 -109 -563
259 -681 -73 -238 -110 -561
258 -683 -74 -231 -108 -541
258 -683 -74 -225 -107 -519
258 -683 -73 -226 -102 -496
258 -683 -73 -212 -97 -467
258 -683 -72 -204 -97 -434
260 -684 -70 -204 -104 -411
262 -681 -65 -203 -102 -391
264 -681 -63 -201 -105 -376
265 -680 -60 -201 -107 -367
268 -661 -55 -200 -108 -364
269 -660 -53 -200 -109 -362
266 -674 -50 -200 -109 -366
266 -677 -50 -204 -108 -384
266 -677 -50 -209 -103 -411
266 -678 -51 -216 -105 -433
265 -678 -52 -226 -105 -463
264 -678 -55 -231 -107 -484
265 -680 -56 -235 -113 -504
266 -680 -57 -243 -118 -521
266 -680 -58 -246 -117 -537
262 -680 -62 -248 -121 -547
262 -679 -64 -250 -122 -558
261 -679 -64 -248 -122 -561
261 -678 -64 -246 -124 -560
261 -678 -64 -248 -124 -557
260 -679 -64 -248 -127 -542
260 -679 -64 -248 -124 -528
259 -681 -64 -240 -123 -503
259 -681 -63 -237 -127 -484
258 -681 -63 -241 -130 -459
258 -681 -61 -236 -130 -442
258 -681 -60 -238 -132 -431
258 -682 -57 -237 -137 -412
262 -660 -54 -237 -137 -398
262 -667 -55 -238 -138 -392
262 -672 -56 -241 -138 -387
262 -677 -55 -243 -137 -385
262 -679 -57 -245 -137 -386
268 -679 -63 -254 -137 -402
272 -672 -69 -258 -135 -414
272 -672 -73 -263 -134 -447
273 -672 -78 -265 -134 -464
274 -669 -86 -272 -128 -496
270 -673 -93 -273 -126 -512
270 -672 -95 -275 -126 -535
267 -671 -96 -280 -126 -553
265 -671 -97 -288 -129 -566
260 -672 -97 -289 -131 -570
257 -674 -96 -291 -135 -572
255 -677 -91 -290 -138 -570
250 -674 -83 -286 -141 -550
247 -673 -79 -283 -139 -526
245 -672 -76 -278 -138 -495
245 -674 -71 -272 -133 -463
245 -676 -65 -265 -128 -436
245 -676 -62 -269 -111 -395
247 -678 -56 -267 -104 -367
248 -678 -52 -265 -94 -332
250 -678 -51 -267 -88 -301
251 -680 -50 -264 -75 -254
251 -681 -50 -272 -57 -238
250 -680 -51 -261 -29 -242
250 -680 -53 -253 -53 -254
249 -678 -56 -250 -53 -260
250 -678 -57 -245 -52 -269
251 -676 -61 -266 -59 -244
250 -656 -70 -267 -66 -271
253 -658 -74 -258 -94 -330
252 -665 -82 -262 -119 -440
251 -666 -92 -264 -144 -523
251 -660 -94 -263 -154 -540
252 -661 -96 -263 -157 -544
253 -657 -96 -262 -157 -543
253 -658 -95 -259 -147 -520
253 -662 -93 -255 -131 -473
253 -663 -91 -248 -122 -433
257 -665 -86 -249 -108 -383
259 -668 -78 -244 -100 -326
261 -662 -71 -240 -95 -296
264 -658 -64 -258 -75 -237
269 -667 -58 -224 -77 -313
271 -665 -54 -217 -72 -296
272 -664 -50 -216 -69 -302
272 -660 -45 -236 -98 -268
272 -658 -44 -238 -102 -287
273 -658 -45 -244 -111 -348
274 -658 -45 -236 -128 -402
275 -658 -48 -239 -139 -465
276 -658 -53 -240 -154 -519
276 -656 -57 -237 -170 -548
275 -655 -62 -234 -175 -557
273 -652 -69 -232 -176 -559
271 -648 -77 -229 -169 -550
270 -648 -78 -230 -140 -508
273 -647 -78 -205 -132 -451
273 -647 -79 -203 -122 -400
272 -646 -78 -200 -118 -358
272 -647 -77 -213 -111 -309
271 -646 -71 -218 -78 -266
268 -649 -67 -220 -96 -254
269 -645 -62 -215 -94 -256
270 -650 -60 -216 -109 -247
270 -645 -55 -218 -110 -255
270 -646 -54 -221 -123 -289
270 -652 -52 -216 -129 -316
270 -646 -51 -218 -130 -374
271 -646 -50 -215 -140 -421
272 -646 -51 -217 -151 -482
272 -646 -53 -215 -164 -511
273 -648 -55 -211 -182 -523
273 -648 -60 -211 -185 -539
269 -656 -64 -211 -185 -540
268 -654 -68 -210 -179 -536
268 -651 -69 -206 -156 -498
268 -659 -74 -206 -139 -456
270 -653 -72 -198 -122 -409
269 -651 -73 -208 -119 -371
267 -649 -73 -208 -110 -329
266 -648 -73 -215 -108 -306
264 -648 -73 -196 -153 -289
262 -647 -72 -197 -153 -289
263 -647 -72 -218 -101 -270
261 -647 -72 -219 -101 -277
262 -648 -72 -213 -101 -299
262 -648 -72 -203 -103 -343
261 -657 -73 -208 -99 -387
261 -660 -74 -200 -106 -439
259 -658 -75 -204 -118 -495
260 -662 -75 -208 -129 -528
259 -667 -76 -215 -146 -558
259 -668 -77 -219 -154 -575
257 -672 -78 -222 -156 -580
255 -679 -78 -223 -156 -581
262 -657 -66 -198 -97 -438
262 -657 -65 -189 -99 -398
263 -655 -64 -183 -122 -373
265 -654 -58 -187 -124 -347
265 -652 -56 -188 -122 -325
266 -652 -53 -189 -124 -316
266 -652 -53 -189 -123 -312
265 -651 -52 -189 -123 -311
265 -651 -52 -183 -112 -317
265 -651 -52 -168 -51 -379
264 -660 -56 -183 -88 -375
266 -664 -58 -193 -96 -425
267 -673 -61 -207 -109 -481
267 -674 -63 -214 -145 -518
265 -673 -67 -219 -163 -543
263 -673 -72 -225 -175 -556
262 -674 -73 -226 -181 -557
261 -673 -75 -227 -180 -554
257 -661 -81 -223 -163 -525
256 -658 -83 -225 -141 -493
256 -660 -84 -215 -121 -446
257 -660 -83 -210 -113 -413
257 -660 -82 -209 -103 -364
258 -660 -81 -205 -119 -346
257 -659 -79 -200 -121 -329
256 -663 -77 -199 -124 -321
257 -663 -76 -198 -124 -316
257 -661 -75 -197 -124 -317
257 -667 -74 -193 -126 -328
259 -671 -73 -160 -79 -441
260 -671 -72 -195 -114 -394
263 -672 -72 -201 -123 -437
263 -672 -71 -210 -138 -495
262 -673 -71 -213 -160 -539
261 -673 -72 -211 -178 -556
261 -672 -72 -210 -189 -562
261 -672 -72 -209 -191 -562
261 -672 -72 -208 -191 -560
262 -672 -72 -208 -176 -537
262 -672 -72 -201 -143 -498
261 -672 -72 -205 -128 -467
261 -671 -71 -213 -74 -426
264 -663 -72 -191 -101 -379
264 -659 -70 -187 -120 -359
264 -662 -70 -182 -131 -347
263 -668 -70 -186 -128 -334
262 -669 -70 -187 -125 -329
264 -664 -70 -187 -125 -327
264 -662 -70 -186 -124 -331
265 -659 -71 -181 -125 -351
264 -658 -71 -184 -137 -391
264 -658 -73 -184 -157 -431
264 -654 -73 -206 -129 -486
263 -654 -73 -214 -157 -527
260 -654 -74 -224 -185 -557
257 -666 -76 -227 -205 -557
257 -667 -76 -227 -209 -556
254 -668 -79 -230 -208 -556
254 -668 -78 -223 -177 -528
254 -668 -78 -223 -150 -502
255 -669 -77 -217 -130 -451
260 -661 -73 -207 -116 -416
260 -662 -71 -183 -153 -377
262 -666 -66 -200 -88 -343
264 -668 -63 -191 -99 -334
263 -670 -62 -191 -112 -332
261 -684 -62 -185 -127 -361
264 -665 -63 -192 -88 -382
265 -659 -65 -200 -101 -418
261 -670 -68 -209 -131 -460
258 -657 -75 -215 -198 -528
255 -655 -78 -217 -201 -528
255 -652 -78 -217 -191 -520
254 -658 -80 -215 -159 -490
253 -658 -81 -215 -146 -462
251 -667 -78 -208 -117 -421
252 -669 -77 -210 -103 -393
254 -670 -75 -204 -128 -370
256 -671 -72 -208 -87 -333
257 -670 -71 -205 -83 -327
260 -671 -70 -197 -109 -330
260 -674 -69 -196 -109 -330
260 -674 -68 -196 -116 -338
259 -676 -68 -197 -127 -357
259 -675 -69 -196 -133 -376
260 -675 -69 -207 -91 -413
260 -675 -70 -210 -102 -457
260 -675 -71 -222 -134 -499
258 -675 -74 -227 -153 -524
256 -676 -78 -232 -173 -539
254 -676 -80 -233 -177 -541
253 -675 -82 -232 -174 -538
251 -675 -84 -230 -155 -517
251 -675 -84 -226 -136 -480
252 -675 -84 -216 -125 -442
255 -673 -82 -210 -111 -413
256 -674 -80 -208 -98 -374
256 -675 -80 -202 -95 -347
258 -675 -77 -201 -95 -329
257 -674 -76 -201 -105 -318
258 -674 -75 -200 -107 -311
259 -673 -74 -199 -107 -310
259 -673 -76 -182 -73 -421
259 -674 -76 -205 -83 -367
259 -673 -78 -210 -98 -407
258 -680 -81 -220 -110 -451
254 -675 -83 -232 -121 -497
253 -674 -85 -241 -140 -524
252 -672 -89 -254 -159 -545
251 -672 -90 -250 -168 -544
251 -672 -91 -250 -170 -544
248 -672 -93 -249 -171 -538
247 -671 -92 -243 -163 -520
247 -671 -92 -235 -149 -491
248 -670 -90 -229 -136 -462
248 -672 -87 -228 -127 -429
251 -673 -81 -222 -110 -386
253 -673 -78 -217 -93 -355
257 -679 -69 -212 -81 -321
264 -656 -64 -208 -101 -293
267 -651 -59 -205 -106 -277
268 -648 -57 -204 -106 -270
264 -646 -55 -207 -107 -267
259 -654 -57 -206 -108 -271
257 -654 -55 -198 -113 -304
231 -648 -45 -217 -123 -534
226 -650 -39 -224 -145 -555
219 -646 -30 -228 -150 -550
216 -645 -26 -227 -152 -535
212 -639 -14 -224 -145 -490
210 -638 -9 -224 -131 -447
210 -646 -3 -226 -119 -393
214 -648 8 -231 -110 -342
212 -647 9 -232 -107 -306
212 -649 9 -234 -102 -265
216 -639 14 -238 -108 -244
221 -644 20 -240 -109 -242
221 -643 22 -240 -109 -242
221 -644 21 -242 -109 -261
225 -648 21 -238 -93 -315
225 -648 21 -228 -93 -372
224 -647 21 -218 -98 -432
223 -647 22 -217 -105 -497
218 -658 19 -212 -118 -561
215 -657 19 -218 -145 -596
217 -656 -5 -218 -122 -584
214 -656 -16 -213 -109 -479
212 -655 -19 -216 -98 -426
212 -655 -22 -218 -106 -373
212 -656 -23 -222 -112 -325
213 -657 -24 -235 -109 -269
214 -658 -24 -235 -111 -267
217 -655 -14 -233 -115 -298
222 -659 -4 -219 -121 -357
