241 -676 5 -217 -160 -621
250 -683 -18 -218 -221 -647
250 -679 -38 -204 -186 -577
240 -667 -54 -203 -130 -367
237 -667 -54 -209 -122 -331
232 -670 -54 -212 -123 -304
236 -669 -44 -204 -118 -450
237 -669 -45 -208 -141 -505
239 -668 -45 -212 -167 -559
241 -670 -45 -219 -209 -604
243 -671 -45 -218 -225 -599
246 -667 -47 -216 -226 -596
248 -668 -48 -214 -212 -588
250 -671 -50 -207 -179 -546
251 -671 -51 -202 -150 -500
251 -672 -52 -197 -131 -443
254 -672 -54 -190 -108 -387
256 -668 -54 -194 -127 -277
255 -665 -56 -194 -127 -272
254 -663 -58 -195 -129 -272
254 -662 -59 -194 -131 -279
253 -659 -61 -195 -131 -301
250 -659 -66 -180 -147 -348
245 -666 -69 -190 -100 -378
244 -664 -72 -190 -110 -434
244 -662 -74 -205 -135 -500
244 -660 -77 -215 -169 -550
243 -659 -78 -226 -206 -582
243 -658 -80 -239 -172 -629
243 -657 -81 -224 -246 -558
244 -660 -82 -224 -241 -557
243 -664 -82 -224 -219 -541
244 -662 -81 -218 -174 -515
245 -660 -80 -217 -148 -480
245 -658 -79 -216 -106 -439
247 -657 -77 -205 -80 -392
249 -667 -73 -198 -61 -345
252 -671 -69 -197 -64 -318
253 -674 -66 -190 -57 -280
258 -676 -62 -192 -91 -271
258 -678 -62 -176 -32 -278
258 -680 -61 -192 -117 -275
257 -680 -61 -191 -120 -282
257 -680 -62 -183 -128 -311
254 -688 -66 -188 -76 -337
257 -668 -69 -186 -84 -385
255 -664 -73 -189 -102 -440
254 -662 -75 -201 -114 -494
253 -660 -80 -216 -154 -535
248 -667 -83 -220 -168 -554
241 -672 -88 -230 -186 -567
241 -672 -89 -235 -202 -564
239 -672 -91 -237 -202 -561
238 -672 -91 -236 -188 -546
238 -672 -92 -225 -169 -503
238 -674 -90 -218 -160 -456
239 -674 -89 -215 -154 -418
239 -675 -85 -220 -142 -380
242 -676 -78 -218 -130 -338
242 -687 -74 -227 -125 -311
257 -659 -44 -227 -114 -300
261 -658 -41 -225 -118 -341
262 -659 -40 -215 -119 -385
263 -659 -39 -216 -131 -431
264 -658 -41 -214 -141 -480
266 -658 -43 -209 -154 -516
267 -656 -47 -208 -169 -545
263 -663 -54 -205 -184 -562
264 -659 -59 -200 -195 -577
263 -656 -62 -200 -205 -577
264 -658 -66 -200 -210 -574
262 -659 -69 -198 -212 -564
263 -662 -72 -194 -202 -543
261 -662 -75 -187 -179 -496
261 -663 -76 -175 -166 -452
260 -666 -76 -178 -142 -324
263 -651 -77 -202 -118 -331
261 -655 -78 -204 -120 -361
259 -658 -77 -204 -129 -407
259 -660 -78 -211 -135 -454
263 -651 -78 -216 -142 -488
261 -653 -78 -218 -163 -519
262 -650 -77 -222 -174 -536
263 -649 -76 -225 -184 -550
263 -652 -76 -227 -193 -553
264 -647 -76 -227 -196 -555
265 -646 -74 -227 -196 -552
266 -648 -72 -224 -184 -538
273 -647 -64 -207 -146 -441
272 -646 -62 -208 -140 -417
272 -646 -60 -208 -139 -396
272 -646 -59 -208 -138 -371
272 -647 -58 -209 -138 -364
271 -646 -57 -210 -136 -358
270 -646 -57 -210 -135 -357
269 -646 -58 -210 -134 -358
267 -645 -64 -208 -132 -439
266 -645 -69 -212 -128 -469
264 -643 -79 -211 -133 -521
263 -640 -81 -212 -135 -544
260 -642 -85 -214 -142 -556
260 -641 -87 -216 -150 -568
261 -641 -87 -216 -151 -568
263 -642 -84 -214 -148 -553
263 -644 -81 -210 -136 -512
263 -645 -78 -208 -122 -480
263 -646 -73 -202 -114 -430
265 -648 -69 -200 -106 -394
266 -648 -66 -199 -108 -364
267 -649 -65 -201 -108 -340
267 -650 -64 -201 -110 -328
268 -651 -60 -201 -110 -321
270 -651 -59 -199 -110 -321
270 -651 -58 -201 -109 -323
269 -651 -58 -203 -109 -345
270 -651 -58 -207 -114 -386
271 -650 -61 -213 -121 -431
270 -650 -64 -221 -136 -475
270 -649 -68 -222 -147 -505
269 -649 -70 -237 -172 -544
268 -650 -73 -242 -182 -555
267 -649 -75 -241 -197 -555
267 -649 -76 -241 -202 -553
267 -649 -79 -239 -203 -543
267 -648 -80 -230 -191 -516
265 -648 -80 -222 -180 -481
264 -648 -79 -213 -160 -436
264 -648 -78 -207 -154 -412
264 -649 -77 -208 -141 -374
266 -651 -73 -200 -141 -348
267 -652 -71 -198 -140 -336
267 -652 -68 -197 -138 -327
269 -653 -64 -195 -136 -327
269 -654 -61 -198 -128 -343
270 -654 -58 -198 -128 -373
270 -654 -58 -202 -130 -407
270 -654 -58 -202 -137 -445
270 -654 -58 -213 -142 -481
270 -654 -57 -214 -153 -507
270 -655 -59 -218 -161 -526
270 -655 -59 -217 -165 -530
270 -654 -59 -217 -167 -532
270 -653 -59 -216 -167 -532
270 -653 -59 -210 -165 -515
269 -652 -58 -199 -145 -485
269 -652 -58 -195 -136 -445
267 -651 -58 -189 -127 -406
266 -639 -54 -185 -121 -374
266 -638 -52 -186 -113 -341
266 -638 -51 -189 -108 -318
266 -638 -49 -187 -118 -303
265 -639 -49 -188 -120 -301
265 -639 -48 -199 -108 -296
265 -639 -48 -199 -108 -300
265 -640 -46 -195 -107 -325
265 -639 -46 -200 -118 -368
265 -641 -47 -200 -125 -408
265 -641 -47 -208 -132 -448
264 -640 -48 -212 -143 -481
264 -641 -50 -214 -157 -505
263 -642 -53 -214 -164 -516
262 -643 -54 -214 -167 -520
262 -648 -56 -213 -168 -519
261 -648 -57 -207 -161 -502
261 -648 -58 -198 -146 -467
261 -647 -58 -187 -137 -427
262 -647 -58 -184 -124 -390
260 -647 -58 -184 -126 -355
261 -649 -56 -182 -115 -323
260 -648 -55 -182 -116 -309
260 -649 -54 -181 -114 -304
260 -649 -53 -184 -112 -301
259 -656 -48 -185 -112 -302
259 -663 -49 -189 -115 -332
259 -667 -49 -190 -121 -364
258 -669 -49 -198 -128 -410
259 -675 -51 -201 -130 -443
258 -675 -52 -205 -145 -477
257 -675 -53 -203 -153 -498
257 -675 -55 -198 -163 -516
256 -674 -56 -198 -173 -526
255 -674 -57 -197 -183 -528
257 -653 -58 -197 -187 -527
257 -648 -58 -195 -189 -520
257 -646 -59 -193 -180 -506
253 -665 -61 -186 -166 -468
251 -669 -61 -180 -154 -430
253 -655 -61 -183 -147 -393
254 -666 -61 -185 -142 -356
252 -673 -61 -190 -140 -336
252 -673 -60 -191 -137 -321
255 -651 -56 -190 -140 -310
255 -649 -56 -197 -138 -316
256 -648 -56 -201 -142 -341
256 -647 -57 -200 -193 -376
256 -646 -57 -217 -146 -414
257 -646 -57 -208 -160 -444
252 -658 -63 -231 -161 -501
252 -662 -65 -227 -178 -514
253 -667 -66 -228 -190 -530
253 -667 -67 -229 -195 -535
253 -668 -68 -230 -195 -537
255 -668 -68 -229 -189 -538
256 -670 -68 -225 -175 -521
264 -653 -66 -214 -158 -479
263 -658 -65 -208 -155 -437
263 -660 -65 -205 -152 -414
263 -660 -63 -201 -191 -369
264 -662 -63 -203 -141 -358
262 -669 -58 -202 -194 -342
261 -672 -58 -208 -140 -336
259 -652 -56 -195 -192 -346
259 -649 -55 -195 -190 -349
258 -647 -56 -194 -189 -364
258 -647 -57 -197 -187 -395
257 -647 -58 -199 -154 -437
259 -648 -59 -202 -156 -459
259 -644 -60 -205 -163 -483
259 -658 -64 -210 -172 -504
255 -668 -66 -215 -182 -513
258 -649 -67 -215 -186 -516
259 -646 -67 -215 -185 -517
260 -644 -67 -210 -179 -510
261 -645 -66 -196 -150 -449
261 -646 -65 -192 -142 -409
259 -645 -61 -186 -140 -381
259 -643 -59 -185 -133 -361
260 -646 -57 -185 -127 -345
261 -647 -56 -184 -126 -341
262 -647 -56 -184 -126 -341
262 -647 -55 -142 -116 -452
263 -647 -55 -185 -128 -369
264 -647 -56 -190 -136 -407
264 -646 -57 -193 -141 -435
264 -647 -59 -198 -145 -462
259 -661 -62 -203 -149 -485
259 -667 -65 -213 -162 -517
259 -671 -67 -216 -164 -526
258 -671 -69 -217 -163 -529
259 -668 -69 -217 -163 -529
258 -668 -69 -213 -156 -520
258 -671 -71 -208 -135 -486
258 -672 -72 -203 -123 -449
258 -672 -72 -192 -111 -400
258 -671 -72 -188 -103 -363
257 -672 -71 -187 -103 -316
258 -672 -71 -187 -110 -299
257 -672 -69 -184 -107 -272
257 -672 -67 -183 -105 -259
258 -673 -66 -159 -78 -349
258 -673 -65 -185 -107 -256
258 -673 -65 -187 -110 -271
259 -673 -65 -173 -86 -298
259 -674 -64 -170 -97 -342
260 -673 -64 -181 -67 -381
259 -673 -65 -189 -75 -432
261 -674 -66 -199 -76 -485
261 -674 -67 -206 -99 -522
261 -674 -70 -209 -110 -537
260 -673 -72 -212 -116 -543
261 -673 -75 -212 -117 -542
261 -673 -77 -213 -115 -523
261 -673 -79 -207 -109 -474
261 -673 -80 -206 -104 -433
262 -673 -80 -191 -108 -389
260 -672 -79 -208 -103 -301
259 -672 -77 -205 -117 -281
257 -673 -70 -216 -117 -267
259 -653 -64 -219 -122 -275
260 -652 -62 -220 -129 -309
260 -647 -58 -223 -126 -357
261 -648 -56 -233 -127 -407
263 -647 -56 -231 -142 -457
266 -661 -56 -233 -149 -499
267 -657 -56 -234 -156 -522
271 -651 -56 -237 -158 -539
271 -655 -57 -237 -160 -542
272 -657 -57 -234 -158 -538
274 -652 -56 -222 -138 -497
275 -649 -56 -212 -123 -444
275 -654 -57 -200 -116 -391
274 -665 -60 -199 -112 -342
273 -653 -61 -202 -103 -288
272 -652 -61 -224 -50 -233
268 -649 -61 -193 -63 -316
265 -648 -61 -215 -46 -283
264 -646 -60 -218 -46 -283
264 -646 -60 -236 -18 -236
263 -645 -60 -237 -14 -250
263 -645 -60 -250 -15 -285
263 -645 -60 -262 -51 -309
263 -645 -61 -253 -61 -365
265 -645 -63 -252 -75 -426
265 -645 -65 -256 -104 -477
265 -657 -70 -247 -125 -513
267 -654 -72 -246 -133 -525
268 -657 -76 -246 -134 -527
270 -661 -78 -245 -129 -513
271 -661 -79 -233 -112 -464
273 -663 -81 -229 -97 -371
271 -655 -75 -206 -45 -316
270 -653 -73 -232 -104 -224
270 -652 -73 -221 -18 -265
268 -650 -71 -223 -14 -271
268 -650 -73 -225 -18 -306
268 -651 -74 -240 -62 -302
269 -648 -75 -243 -83 -355
268 -647 -78 -245 -88 -413
268 -648 -81 -247 -110 -465
268 -649 -84 -250 -121 -504
267 -653 -85 -248 -130 -519
267 -658 -87 -248 -131 -522
268 -668 -87 -245 -132 -513
267 -668 -88 -230 -117 -462
266 -668 -88 -230 -99 -418
267 -669 -87 -239 -58 -309
263 -680 -85 -240 -54 -258
262 -679 -82 -230 -23 -273
263 -660 -78 -210 -44 -307
262 -654 -77 -217 -43 -301
263 -656 -78 -243 -20 -251
261 -656 -80 -267 -42 -298
261 -657 -81 -271 -18 -348
261 -657 -82 -253 -51 -418
258 -661 -87 -255 -75 -485
259 -662 -89 -255 -105 -532
256 -669 -92 -259 -124 -551
256 -669 -92 -259 -138 -555
258 -656 -94 -259 -140 -553
257 -660 -95 -253 -139 -525
257 -661 -94 -253 -130 -474
257 -663 -94 -242 -121 -423
255 -671 -91 -239 -103 -371
254 -674 -88 -244 -118 -325
253 -679 -83 -243 -109 -275
256 -664 -76 -238 -22 -290
257 -657 -71 -240 -22 -277
256 -658 -69 -240 -22 -270
256 -657 -68 -239 -20 -278
255 -658 -67 -241 -22 -285
258 -660 -66 -240 -114 -295
263 -662 -73 -238 -98 -423
263 -659 -91 -216 -197 -573
262 -665 -97 -209 -212 -565
265 -667 -99 -206 -211 -556
267 -668 -99 -204 -182 -523
267 -670 -98 -208 -152 -482
268 -664 -96 -209 -133 -421
272 -661 -92 -212 -118 -364
266 -662 -86 -228 -110 -309
270 -658 -81 -218 -113 -257
272 -658 -77 -222 -116 -237
274 -658 -75 -208 -41 -288
271 -665 -71 -225 -127 -231
281 -659 -66 -216 -126 -233
286 -653 -61 -215 -122 -302
295 -660 -59 -190 -102 -391
310 -639 -46 -151 -268 -556
313 -635 -25 -140 -237 -490
322 -640 20 -173 -115 -270
317 -640 23 -180 -117 -252
315 -642 23 -184 -123 -247
314 -643 19 -187 -125 -247
315 -646 10 -187 -127 -254
311 -649 1 -191 -117 -279
298 -651 -21 -189 -121 -325
291 -651 -39 -177 -118 -375
254 -655 -107 -203 -226 -597
247 -656 -116 -200 -256 -591
241 -655 -122 -206 -253 -580
235 -666 -127 -214 -218 -546
222 -664 -128 -220 -177 -515
222 -667 -128 -225 -155 -463
225 -669 -122 -219 -125 -419
233 -674 -117 -220 -104 -382
241 -676 -101 -211 -145 -357
246 -682 -94 -218 -143 -354
244 -680 -84 -205 -19 -350
246 -697 -79 -202 -9 -351
245 -716 -79 -199 -4 -349
247 -720 -77 -209 -83 -352
247 -719 -74 -180 -2 -407
250 -718 -69 -215 -39 -413
247 -719 -70 -210 -49 -474
248 -715 -67 -215 -97 -599
244 -717 -69 -228 -126 -638
242 -717 -70 -231 -139 -642
240 -717 -71 -238 -150 -624
240 -716 -72 -228 -151 -577
237 -718 -71 -230 -140 -537
236 -717 -71 -221 -134 -478
227 -658 -46 -235 -61 -403
221 -716 -55 -254 -87 -358
212 -685 -49 -247 -86 -320
212 -683 -46 -224 -52 -369
212 -680 -44 -225 -52 -367
209 -675 -41 -221 -41 -373
210 -674 -37 -217 -35 -406
209 -674 -37 -213 -26 -430
211 -664 -33 -229 -41 -445
218 -655 -32 -216 -35 -503
226 -705 -62 -216 -67 -661
228 -706 -65 -214 -63 -642
229 -706 -70 -201 -60 -596
228 -706 -73 -193 -51 -555
224 -710 -77 -195 -67 -502
216 -712 -77 -195 -69 -450
211 -713 -78 -195 -90 -412
206 -715 -78 -200 -101 -387
204 -717 -77 -206 -136 -377
201 -717 -76 -206 -136 -377
199 -716 -72 -212 -121 -380
198 -716 -69 -213 -102 -398
199 -717 -66 -214 -88 -436
199 -717 -60 -214 -66 -481
212 -694 -49 -217 -71 -519
212 -695 -52 -215 -65 -565
214 -670 -48 -208 -59 -603
221 -688 -54 -209 -61 -632
221 -687 -53 -213 -65 -648
228 -713 -53 -215 -68 -657
223 -695 -38 -203 -44 -488
221 -691 -36 -194 -65 -441
229 -691 -18 -204 -49 -410
217 -648 -7 -209 -60 -367
216 -696 -18 -207 -112 -371
209 -667 -14 -207 -115 -368
207 -669 -14 -207 -108 -381
214 -694 -17 -207 -92 -423
215 -694 -18 -206 -80 -452
217 -693 -21 -215 -78 -507
219 -694 -22 -206 -84 -534
215 -715 -41 -201 -79 -590
214 -690 -39 -203 -82 -614
221 -713 -46 -206 -88 -643
224 -714 -48 -209 -94 -653
223 -696 -47 -211 -101 -655
223 -698 -50 -213 -105 -655
222 -703 -56 -214 -108 -652
211 -685 -55 -221 -101 -522
217 -686 -43 -214 -96 -408
218 -686 -40 -214 -101 -389
218 -687 -38 -215 -95 -378
217 -713 -47 -210 -55 -418
217 -711 -52 -213 -57 -452
217 -710 -55 -221 -40 -504
217 -707 -65 -232 -53 -573
216 -705 -71 -242 -54 -606
213 -704 -76 -250 -58 -626
210 -703 -81 -257 -61 -635
204 -703 -88 -269 -55 -638
202 -702 -91 -272 -45 -629
200 -703 -90 -262 -21 -573
204 -704 -75 -223 -15 -437
207 -708 -62 -218 -14 -402
209 -711 -57 -218 -19 -388
208 -711 -52 -217 -21 -383
206 -711 -48 -217 -19 -384
214 -713 -41 -212 -15 -403
215 -713 -40 -206 -13 -438
216 -714 -40 -212 -10 -486
216 -715 -39 -214 -17 -516
216 -716 -40 -216 -31 -564
216 -717 -41 -225 -41 -598
215 -718 -42 -233 -54 -618
215 -719 -43 -236 -62 -627
214 -719 -47 -238 -65 -628
212 -718 -48 -238 -65 -627
211 -718 -50 -234 -60 -611
209 -719 -52 -221 -48 -574
209 -717 -55 -212 -39 -540
209 -718 -55 -203 -29 -504
211 -719 -58 -189 -21 -464
211 -720 -58 -182 -24 -435
211 -722 -58 -175 -42 -399
212 -722 -56 -174 -32 -393
211 -723 -56 -174 -32 -392
211 -723 -56 -172 -26 -393
212 -723 -56 -172 -21 -401
210 -725 -56 -175 -16 -430
210 -725 -56 -179 -10 -471
210 -723 -56 -184 -14 -502
211 -724 -56 -191 -21 -538
212 -722 -57 -195 -26 -566
211 -722 -58 -201 -29 -597
211 -720 -57 -205 -34 -612
212 -718 -56 -208 -36 -621
213 -715 -58 -210 -35 -624
212 -713 -59 -211 -34 -622
207 -712 -58 -218 -28 -606
205 -710 -61 -216 -17 -568
204 -709 -61 -215 -13 -538
203 -708 -61 -212 -7 -487
217 -685 -59 -210 -15 -446
212 -678 -51 -214 -23 -337
211 -685 -52 -203 -8 -370
210 -688 -52 -204 -9 -365
211 -692 -54 -204 -10 -365
212 -713 -59 -204 -6 -367
212 -713 -60 -231 -25 -351
213 -712 -62 -225 -21 -374
216 -712 -63 -223 -19 -427
219 -712 -63 -222 -13 -480
227 -710 -63 -213 -11 -530
235 -709 -63 -203 -8 -583
240 -709 -64 -201 -16 -616
240 -709 -66 -201 -28 -637
240 -708 -67 -201 -31 -642
240 -707 -71 -201 -32 -643
238 -705 -77 -199 -23 -630
238 -704 -79 -195 -4 -588
237 -704 -80 -192 -1 -547
235 -703 -81 -192 -1 -501
225 -703 -77 -192 1 -464
223 -702 -75 -196 -8 -422
223 -701 -74 -200 -28 -402
222 -700 -74 -205 -30 -388
222 -699 -73 -205 -30 -381
225 -700 -66 -204 -32 -379
226 -700 -66 -203 -33 -380
228 -699 -64 -203 -38 -405
230 -701 -61 -246 -99 -624
231 -703 -63 -255 -126 -644
231 -705 -64 -264 -140 -648
231 -705 -63 -266 -143 -648
230 -706 -64 -267 -144 -643
228 -706 -64 -263 -139 -631
225 -706 -64 -255 -126 -604
224 -706 -62 -246 -114 -577
224 -704 -61 -235 -96 -534
231 -703 -59 -223 -65 -504
234 -703 -57 -205 -54 -446
236 -705 -56 -208 -45 -415
238 -704 -54 -205 -29 -363
238 -704 -53 -206 -29 -343
239 -703 -54 -207 -28 -315
242 -693 -52 -202 -26 -298
239 -691 -53 -203 -27 -293
240 -689 -55 -203 -26 -291
238 -692 -58 -210 -27 -303
238 -691 -64 -219 -36 -338
231 -705 -74 -212 -41 -374
231 -703 -77 -213 -54 -425
225 -704 -83 -223 -87 -482
223 -702 -89 -230 -139 -531
224 -704 -96 -244 -195 -578
217 -702 -97 -250 -250 -583
222 -701 -96 -242 -296 -570
220 -674 -98 -237 -300 -566
224 -674 -97 -232 -298 -561
229 -675 -96 -223 -280 -530
234 -673 -92 -221 -235 -505
247 -700 -64 -200 -100 -337
265 -672 -49 -186 -119 -305
266 -671 -52 -185 -127 -320
275 -666 -52 -168 -44 -382
281 -666 -51 -149 -31 -404
293 -664 -52 -151 -86 -437
292 -663 -51 -160 -116 -500
301 -666 -44 -152 -184 -562
303 -664 -39 -151 -226 -519
302 -650 -33 -149 -232 -483
300 -648 -31 -154 -235 -446
300 -645 -30 -156 -231 -406
301 -644 -25 -156 -227 -371
304 -646 -16 -172 -210 -340
306 -645 -10 -159 -245 -304
308 -644 -8 -158 -247 -299
310 -642 -9 -158 -248 -290
309 -643 -10 -136 -149 -372
310 -642 -15 -130 -142 -371
308 -643 -27 -167 -177 -278
301 -650 -48 -175 -139 -302
296 -653 -58 -172 -120 -359
286 -656 -68 -172 -139 -413
280 -655 -79 -178 -154 -472
274 -656 -88 -183 -183 -498
264 -656 -98 -190 -189 -512
259 -655 -103 -193 -186 -515
254 -658 -110 -186 -161 -482
249 -657 -112 -182 -146 -443
244 -653 -113 -193 -132 -392
243 -650 -108 -208 -104 -343
249 -647 -101 -204 -92 -295
253 -670 -93 -198 -51 -317
259 -700 -54 -203 -44 -317
257 -700 -50 -222 -85 -281
254 -703 -46 -223 -84 -333
256 -705 -27 -217 -97 -442
260 -711 -9 -225 -165 -577
259 -711 -8 -228 -179 -588
258 -710 -12 -231 -193 -588
258 -707 -22 -225 -200 -576
259 -701 -32 -197 -199 -492
254 -695 -51 -206 -139 -353
231 -695 -80 -206 -122 -290
228 -695 -82 -206 -121 -294
224 -695 -84 -209 -117 -308
221 -694 -88 -213 -88 -351
217 -691 -91 -201 -86 -393
215 -690 -92 -206 -89 -436
213 -689 -94 -219 -129 -538
213 -689 -94 -218 -136 -541
212 -690 -92 -216 -138 -539
213 -689 -92 -209 -135 -519
223 -693 -70 -183 -96 -367
272 -692 -21 -194 -93 -283
272 -691 -17 -216 -108 -378
267 -697 -35 -220 -139 -481
265 -694 -47 -222 -157 -512
255 -687 -53 -224 -167 -528
246 -691 -70 -213 -174 -532
237 -682 -85 -207 -171 -527
235 -673 -109 -201 -165 -507
232 -669 -119 -194 -150 -462
218 -648 -132 -194 -139 -426
224 -642 -134 -187 -124 -373
222 -638 -137 -185 -122 -337
218 -636 -139 -186 -108 -295
218 -638 -140 -187 -120 -271
208 -641 -143 -190 -113 -259
215 -641 -143 -188 -115 -258
218 -642 -142 -187 -117 -258
222 -641 -142 -193 -117 -275
228 -641 -139 -178 -57 -340
234 -642 -138 -188 -105 -354
246 -642 -137 -190 -100 -410
254 -650 -137 -191 -104 -466
264 -650 -134 -183 -126 -518
273 -660 -124 -185 -143 -544
280 -654 -80 -204 -110 -264
281 -654 -80 -205 -104 -249
281 -654 -79 -205 -103 -247
280 -653 -79 -204 -103 -247
281 -653 -78 -199 -103 -265
281 -654 -79 -182 -29 -332
282 -653 -79 -180 -49 -322
285 -668 -96 -162 -92 -529
281 -670 -108 -164 -104 -542
276 -670 -119 -167 -112 -549
273 -670 -127 -171 -116 -546
271 -668 -135 -179 -113 -526
268 -668 -142 -175 -96 -482
264 -664 -149 -178 -99 -430
260 -663 -153 -173 -88 -382
256 -653 -152 -183 -84 -338
252 -646 -150 -170 -114 -290
246 -643 -147 -174 -115 -261
244 -640 -142 -179 -108 -234
244 -643 -125 -171 -108 -294
246 -642 -124 -171 -91 -342
246 -643 -123 -173 -95 -394
250 -644 -122 -182 -101 -448
253 -645 -124 -188 -121 -497
254 -646 -125 -191 -131 -524
257 -642 -123 -200 -144 -543
258 -642 -124 -202 -152 -548
262 -643 -119 -185 -105 -312
273 -644 -95 -185 -109 -257
271 -645 -94 -184 -111 -282
272 -644 -92 -175 -92 -322
271 -644 -92 -189 -97 -373
273 -644 -93 -194 -101 -426
276 -643 -95 -207 -128 -481
272 -644 -97 -215 -146 -508
270 -644 -99 -224 -175 -522
265 -644 -101 -227 -177 -522
262 -644 -104 -228 -176 -522
259 -643 -105 -226 -161 -498
254 -642 -106 -209 -156 -444
251 -641 -104 -210 -130 -413
250 -641 -103 -204 -120 -361
249 -641 -99 -204 -111 -323
250 -642 -93 -202 -108 -297
251 -642 -87 -200 -105 -270
252 -643 -82 -201 -106 -261
265 -643 -74 -200 -105 -258
267 -642 -70 -200 -105 -259
267 -642 -69 -197 -92 -275
267 -642 -68 -189 -82 -307
265 -641 -69 -183 -79 -346
265 -640 -68 -181 -72 -387
265 -641 -70 -175 -78 -439
261 -641 -72 -178 -78 -480
259 -639 -73 -171 -94 -514
258 -641 -75 -173 -103 -545
253 -641 -77 -176 -110 -562
253 -655 -80 -178 -114 -570
252 -662 -82 -177 -117 -572
249 -665 -83 -172 -115 -564
254 -649 -64 -146 -79 -341
250 -649 -63 -148 -66 -304
249 -650 -60 -152 -76 -284
248 -652 -55 -163 -94 -274
246 -641 -51 -167 -98 -273
249 -643 -49 -171 -101 -278
246 -643 -49 -170 -43 -295
244 -644 -53 -174 -42 -317
235 -679 -97 -205 -91 -560
232 -677 -107 -213 -100 -575
240 -676 -119 -218 -107 -579
235 -675 -126 -226 -110 -580
236 -673 -133 -222 -112 -568
237 -673 -133 -216 -108 -545
235 -674 -132 -209 -103 -512
234 -673 -126 -201 -93 -473
240 -674 -120 -199 -88 -435
244 -676 -112 -191 -84 -388
247 -682 -99 -197 -84 -361
247 -686 -92 -199 -81 -318
250 -691 -77 -202 -74 -298
259 -695 -64 -204 -69 -284
263 -696 -52 -206 -68 -274
261 -697 -45 -212 -65 -272
260 -697 -44 -213 -60 -275
258 -697 -43 -214 -52 -291
258 -697 -43 -211 -31 -338
256 -694 -46 -214 -22 -366
251 -695 -54 -217 -25 -413
247 -692 -66 -223 -26 -463
244 -691 -72 -228 -29 -502
240 -690 -78 -236 -39 -539
229 -688 -90 -241 -61 -563
209 -686 -98 -233 -61 -533
204 -686 -94 -221 -44 -452
203 -687 -91 -220 -46 -421
210 -691 -86 -224 -24 -381
215 -693 -82 -225 -20 -367
231 -694 -75 -226 -5 -350
242 -694 -75 -228 1 -350
259 -696 -73 -213 3 -363
267 -697 -74 -209 5 -397
269 -696 -80 -216 14 -440
267 -690 -91 -210 -2 -487
254 -678 -145 -217 -45 -553
263 -669 -155 -210 -49 -511
257 -663 -161 -209 -49 -469
252 -659 -163 -210 -42 -441
253 -660 -161 -205 -48 -411
259 -662 -161 -197 -45 -386
261 -658 -157 -198 -50 -355
265 -665 -152 -193 -46 -348
267 -666 -147 -197 -22 -329
275 -665 -141 -189 -22 -325
280 -666 -133 -188 -19 -324
286 -668 -125 -191 -12 -327
290 -669 -124 -186 -14 -333
299 -671 -123 -148 35 -393
300 -670 -122 -175 -35 -401
315 -669 -129 -186 -34 -535
321 -662 -146 -182 -44 -560
325 -645 -179 -181 -71 -557
323 -641 -186 -171 -52 -502
321 -639 -187 -162 -44 -441
318 -640 -185 -161 -32 -379
314 -641 -179 -172 -22 -333
309 -643 -171 -180 -16 -282
303 -649 -155 -175 -47 -256
301 -652 -142 -178 -109 -259
302 -659 -117 -178 -108 -255
303 -663 -105 -179 -106 -264
308 -666 -95 -173 -102 -291
331 -671 -68 -157 -41 -413
337 -668 -68 -148 -48 -464
344 -666 -65 -144 -43 -516
359 -653 -79 -139 -64 -584
361 -652 -83 -139 -63 -583
361 -652 -95 -138 -61 -557
356 -655 -111 -134 -44 -502
354 -652 -113 -130 -39 -433
347 -652 -116 -133 -40 -373
338 -654 -120 -152 -18 -320
317 -647 -122 -153 -85 -238
304 -650 -124 -164 -99 -239
288 -661 -116 -176 -72 -313
291 -661 -112 -164 -73 -407
300 -663 -107 -165 -87 -507
313 -660 -101 -174 -124 -564
315 -661 -100 -179 -139 -573
316 -662 -100 -184 -158 -572
315 -663 -100 -186 -165 -566
315 -662 -99 -181 -167 -536
314 -661 -99 -179 -158 -491
310 -658 -97 -175 -151 -443
291 -664 -85 -189 -115 -281
289 -667 -73 -184 -114 -277
303 -664 -70 -163 -74 -385
309 -665 -71 -162 -74 -422
314 -665 -75 -163 -81 -480
320 -659 -89 -168 -116 -562
318 -658 -90 -171 -117 -562
316 -659 -92 -170 -119 -546
312 -658 -93 -162 -110 -512
309 -657 -94 -152 -96 -468
305 -658 -92 -145 -89 -425
301 -658 -91 -144 -91 -377
296 -656 -87 -146 -95 -352
292 -658 -83 -144 -92 -304
289 -666 -75 -145 -103 -289
288 -667 -72 -147 -105 -283
287 -669 -67 -151 -106 -279
285 -668 -66 -153 -103 -278
285 -668 -64 -139 -32 -324
288 -667 -61 -144 -14 -354
291 -667 -60 -159 -20 -340
297 -663 -60 -155 -29 -393
304 -662 -59 -148 -46 -441
307 -662 -59 -166 -46 -490
310 -661 -61 -171 -66 -526
311 -663 -65 -175 -80 -547
313 -663 -71 -178 -88 -557
313 -660 -82 -178 -89 -558
313 -660 -88 -179 -89 -549
312 -658 -94 -172 -86 -520
312 -657 -96 -168 -58 -478
310 -653 -100 -156 -42 -435
306 -650 -102 -153 -49 -398
303 -649 -101 -150 -51 -351
300 -649 -101 -151 -60 -320
297 -650 -101 -153 -71 -285
295 -652 -100 -159 -69 -272
295 -653 -99 -155 -28 -311
292 -656 -98 -182 -104 -283
292 -655 -97 -183 -106 -289
296 -656 -97 -194 -124 -337
304 -654 -98 -183 -124 -349
311 -656 -102 -185 -73 -408
315 -652 -102 -193 -85 -459
319 -650 -103 -200 -100 -491
321 -647 -105 -200 -117 -511
324 -644 -108 -200 -121 -520
314 -638 -100 -197 -122 -522
315 -635 -92 -187 -122 -514
315 -633 -84 -164 -111 -482
320 -631 -69 -150 -107 -450
321 -636 -58 -146 -104 -417
325 -645 -32 -136 -99 -385
327 -644 -11 -129 -92 -357
326 -643 7 -127 -95 -340
333 -637 17 -119 -92 -328
336 -630 30 -122 -84 -320
348 -628 45 -123 -80 -317
357 -628 52 -118 -78 -316
369 -623 61 -120 -44 -345
374 -621 61 -106 -103 -363
409 -606 38 -107 -48 -485
427 -604 -10 -106 -52 -524
420 -588 -50 -107 -39 -476
410 -596 -58 -117 -46 -439
399 -599 -64 -124 -57 -380
385 -601 -77 -153 -34 -351
370 -601 -86 -145 -102 -328
367 -613 -101 -161 -104 -316
348 -618 -105 -183 -107 -300
350 -623 -111 -186 -110 -293
341 -629 -116 -211 -112 -294
330 -637 -122 -233 -115 -301
339 -639 -124 -222 -121 -342
333 -642 -133 -224 -125 -375
332 -644 -133 -241 -61 -403
324 -648 -138 -262 -54 -454
309 -666 -146 -275 -113 -571
308 -668 -145 -246 -115 -548
295 -667 -142 -247 -103 -520
290 -676 -134 -219 -85 -474
280 -683 -122 -225 -83 -434
280 -689 -105 -203 -89 -381
275 -702 -82 -206 -68 -344
265 -706 -74 -205 -84 -315
261 -715 -59 -194 -61 -279
264 -716 -49 -193 -56 -269
263 -715 -43 -189 -20 -292
255 -715 -41 -199 -16 -298
255 -716 -42 -207 -4 -303
258 -716 -49 -216 2 -321
264 -711 -64 -237 -8 -336
264 -710 -75 -242 -36 -387
267 -708 -90 -258 -21 -443
266 -704 -111 -255 -46 -469
264 -700 -130 -264 -83 -503
260 -690 -141 -266 -84 -505
255 -685 -153 -268 -86 -498
248 -677 -168 -267 -84 -470
237 -666 -185 -251 -79 -393
238 -674 -166 -223 -40 -283
240 -682 -154 -221 -40 -285
240 -686 -140 -245 -1 -297
250 -689 -123 -224 9 -343
256 -690 -113 -220 -33 -350
261 -690 -105 -233 -15 -395
271 -690 -99 -241 -14 -443
277 -692 -91 -250 -34 -485
282 -692 -91 -258 -50 -520
286 -693 -92 -275 -78 -548
308 -675 -109 -255 -83 -499
310 -674 -119 -241 -73 -413
297 -668 -129 -239 -90 -299
290 -667 -129 -234 -105 -291
287 -664 -121 -232 -110 -290
288 -663 -118 -232 -74 -294
289 -664 -114 -235 -66 -311
290 -668 -105 -232 -60 -345
290 -669 -99 -231 -54 -394
290 -672 -94 -234 -70 -442
290 -674 -90 -243 -79 -476
302 -671 -89 -245 -103 -514
304 -670 -93 -239 -105 -478
303 -670 -96 -227 -92 -428
301 -671 -98 -216 -93 -379
297 -665 -101 -208 -95 -332
296 -665 -99 -214 -105 -297
289 -663 -97 -210 -104 -258
264 -667 -71 -223 -83 -335
265 -667 -71 -222 -68 -379
267 -669 -71 -223 -60 -431
267 -669 -71 -228 -70 -481
272 -671 -76 -228 -84 -514
274 -672 -79 -232 -90 -546
275 -670 -88 -236 -95 -556
276 -671 -94 -237 -97 -557
276 -670 -100 -237 -98 -555
276 -669 -105 -229 -94 -529
277 -668 -111 -221 -77 -500
274 -668 -115 -202 -79 -450
273 -669 -116 -195 -76 -418
272 -676 -81 -163 -99 -385
276 -677 -73 -182 -32 -336
293 -678 -75 -196 -82 -480
295 -675 -78 -199 -90 -508
295 -675 -85 -205 -98 -531
292 -673 -94 -213 -103 -546
288 -674 -100 -217 -106 -548
284 -676 -106 -222 -111 -536
279 -677 -109 -224 -113 -501
275 -677 -112 -215 -107 -458
265 -675 -109 -210 -96 -351
261 -674 -100 -214 -114 -303
260 -675 -92 -218 -104 -290
265 -657 -73 -216 -117 -286
264 -680 -54 -218 -60 -332
265 -681 -52 -215 -65 -371
267 -680 -52 -206 -65 -424
268 -680 -52 -209 -75 -465
269 -679 -55 -213 -115 -546
268 -677 -66 -209 -115 -523
266 -677 -66 -198 -92 -479
264 -677 -68 -187 -101 -425
261 -676 -68 -190 -94 -383
259 -677 -67 -200 -100 -338
255 -676 -63 -207 -96 -296
252 -676 -61 -214 -92 -266
249 -677 -59 -216 -111 -253
243 -657 -50 -188 -95 -356
241 -656 -48 -244 -95 -257
238 -657 -47 -246 -93 -265
236 -657 -46 -246 -89 -305
235 -660 -46 -250 -87 -338
236 -688 -45 -256 -83 -388
234 -690 -46 -264 -91 -440
231 -691 -50 -285 -116 -476
230 -691 -54 -281 -128 -441
222 -685 -77 -282 -138 -313
217 -680 -73 -283 -132 -291
215 -678 -72 -280 -132 -285
214 -659 -64 -280 -130 -277
212 -653 -62 -285 -119 -266
211 -657 -59 -289 -111 -259
212 -658 -56 -289 -112 -255
211 -660 -52 -284 -94 -247
210 -660 -49 -284 -92 -248
210 -661 -48 -282 -92 -258
210 -661 -47 -267 -98 -281
209 -661 -45 -269 -88 -318
209 -662 -44 -270 -89 -364
210 -661 -44 -276 -93 -416
210 -661 -44 -286 -105 -470
211 -661 -44 -288 -124 -511
217 -663 -40 -290 -132 -537
218 -667 -40 -291 -139 -552
219 -669 -40 -290 -139 -554
219 -670 -39 -287 -133 -555
221 -675 -39 -278 -121 -528
221 -678 -37 -263 -112 -479
219 -678 -36 -261 -108 -446
217 -677 -35 -256 -113 -387
216 -691 -36 -262 -109 -355
215 -692 -35 -271 -115 -302
211 -693 -31 -302 -114 -267
210 -691 -28 -324 -118 -249
203 -665 -23 -329 -116 -244
201 -663 -21 -330 -112 -243
198 -663 -20 -339 -87 -246
195 -663 -19 -335 -84 -248
194 -663 -16 -333 -76 -252
195 -666 -13 -337 -63 -263
197 -689 -14 -329 -60 -282
196 -690 -15 -323 -56 -318
194 -691 -17 -322 -59 -347
194 -690 -18 -318 -54 -393
194 -690 -19 -307 -61 -435
195 -687 -25 -294 -93 -534
194 -685 -28 -290 -105 -556
193 -683 -32 -248 -67 -439
193 -683 -33 -242 -58 -390
194 -683 -33 -248 -51 -343
195 -683 -32 -259 -43 -303
196 -684 -29 -257 -23 -251
197 -683 -27 -268 18 -283
198 -683 -26 -289 0 -219
198 -683 -24 -297 6 -208
200 -682 -24 -300 0 -209
202 -663 -20 -292 -22 -335
206 -682 -23 -278 13 -312
208 -680 -26 -282 -32 -276
210 -678 -29 -283 -22 -327
223 -677 -33 -270 -24 -367
222 -678 -40 -266 -39 -411
222 -677 -46 -265 -37 -467
224 -679 -49 -270 -55 -503
229 -681 -53 -265 -71 -531
233 -682 -61 -263 -82 -554
240 -684 -66 -259 -88 -567
243 -685 -70 -258 -93 -568
245 -684 -78 -258 -94 -567
248 -684 -84 -255 -92 -551
251 -683 -89 -250 -83 -515
246 -680 -102 -245 -70 -477
246 -679 -105 -244 -59 -442
248 -678 -105 -246 -45 -400
247 -675 -109 -244 -48 -358
245 -675 -114 -246 -52 -321
244 -675 -116 -256 -45 -286
243 -675 -117 -263 -40 -265
239 -675 -120 -276 -26 -239
240 -674 -120 -274 -30 -233
237 -679 -122 -278 -32 -231
238 -680 -123 -281 -35 -234
236 -680 -126 -291 -40 -251
234 -681 -130 -293 -40 -279
231 -679 -149 -295 -116 -503
232 -674 -148 -296 -121 -514
233 -674 -147 -295 -122 -517
235 -673 -142 -293 -121 -516
237 -673 -139 -283 -118 -506
237 -684 -135 -274 -103 -486
242 -676 -126 -259 -91 -452
245 -676 -119 -257 -88 -424
245 -687 -116 -244 -95 -383
249 -689 -105 -242 -90 -354
254 -690 -96 -240 -86 -317
258 -677 -88 -239 -89 -298
260 -693 -82 -241 -83 -264
262 -691 -78 -236 -107 -254
262 -692 -76 -239 -95 -248
263 -692 -74 -239 -93 -246
262 -693 -73 -228 -26 -296
261 -693 -73 -243 -81 -284
261 -691 -76 -236 -77 -356
260 -689 -89 -221 -72 -461
258 -674 -91 -222 -74 -494
259 -673 -95 -218 -78 -510
262 -677 -102 -206 -92 -535
262 -672 -101 -196 -84 -519
264 -672 -99 -183 -72 -481
275 -680 -68 -175 -29 -345
278 -682 -59 -183 -50 -306
278 -683 -59 -190 -69 -293
278 -684 -56 -193 -71 -291
279 -684 -56 -200 -70 -292
277 -686 -58 -208 -73 -298
275 -687 -58 -218 -77 -324
278 -687 -65 -218 -79 -345
280 -676 -76 -223 -78 -386
278 -675 -82 -225 -76 -413
274 -672 -94 -230 -76 -453
273 -673 -105 -231 -79 -473
263 -671 -121 -232 -101 -524
252 -675 -114 -216 -113 -474
253 -685 -103 -212 -112 -447
257 -691 -82 -203 -121 -371
261 -693 -65 -201 -118 -317
260 -677 -56 -200 -120 -304
261 -676 -52 -201 -120 -301
263 -677 -49 -202 -119 -299
265 -678 -48 -204 -115 -300
269 -676 -47 -208 -115 -310
274 -676 -49 -214 -103 -334
276 -675 -51 -211 -98 -353
280 -674 -54 -217 -72 -397
281 -672 -65 -216 -63 -409
280 -669 -73 -220 -59 -453
276 -670 -85 -221 -51 -473
274 -672 -97 -222 -51 -492
269 -671 -107 -222 -51 -505
267 -671 -112 -220 -52 -509
263 -671 -120 -220 -53 -511
261 -670 -126 -218 -53 -511
249 -671 -132 -207 -97 -323
249 -670 -127 -209 -100 -311
251 -671 -122 -211 -105 -305
250 -672 -117 -213 -104 -304
251 -672 -114 -214 -105 -303
258 -672 -105 -214 -106 -307
261 -674 -99 -219 -104 -330
265 -675 -94 -220 -102 -350
267 -676 -92 -224 -98 -375
268 -676 -91 -227 -98 -401
270 -676 -91 -227 -93 -421
270 -677 -92 -230 -90 -443
270 -677 -92 -235 -86 -465
269 -674 -105 -245 -67 -515
267 -674 -106 -242 -62 -514
267 -673 -107 -236 -54 -505
265 -673 -107 -218 -54 -478
263 -673 -107 -218 -56 -455
262 -673 -107 -215 -43 -428
260 -672 -106 -211 -50 -397
259 -673 -105 -209 -60 -370
259 -672 -103 -209 -63 -345
258 -673 -100 -208 -73 -324
258 -679 -98 -208 -78 -314
259 -672 -94 -205 -129 -298
259 -682 -94 -211 -98 -287
260 -682 -93 -211 -98 -287
261 -683 -93 -212 -96 -290
262 -683 -93 -211 -90 -304
262 -684 -93 -210 -84 -333
262 -683 -97 -219 -69 -433
261 -684 -98 -220 -79 -466
262 -684 -98 -226 -88 -496
259 -674 -96 -231 -92 -509
259 -675 -97 -236 -100 -523
259 -676 -97 -236 -109 -528
258 -676 -97 -238 -114 -528
258 -676 -95 -237 -116 -527
258 -676 -94 -235 -123 -518
259 -682 -93 -230 -124 -505
259 -683 -90 -219 -126 -476
258 -683 -87 -210 -121 -452
257 -682 -84 -201 -123 -418
258 -683 -78 -199 -117 -394
259 -667 -73 -197 -115 -367
258 -670 -71 -192 -114 -343
259 -674 -70 -195 -107 -324
259 -675 -68 -193 -107 -316
260 -676 -69 -193 -107 -315
259 -685 -71 -193 -107 -315
259 -678 -71 -194 -105 -318
258 -685 -78 -194 -104 -336
255 -683 -88 -192 -102 -368
253 -682 -92 -194 -105 -403
253 -681 -94 -194 -100 -436
252 -679 -95 -198 -114 -465
250 -676 -96 -208 -126 -492
250 -676 -96 -208 -130 -509
250 -676 -96 -209 -133 -526
251 -676 -94 -208 -137 -533
251 -675 -92 -208 -138 -540
259 -657 -77 -209 -139 -540
261 -655 -74 -209 -138 -539
261 -655 -69 -207 -136 -520
261 -669 -60 -205 -130 -494
263 -670 -56 -195 -123 -452
266 -685 -50 -192 -123 -426
267 -684 -46 -189 -128 -378
269 -686 -38 -189 -113 -353
271 -686 -34 -191 -117 -338
271 -686 -32 -190 -126 -312
272 -685 -29 -189 -126 -309
271 -685 -29 -189 -127 -309
273 -685 -31 -193 -124 -319
271 -675 -32 -198 -126 -334
270 -663 -37 -196 -130 -367
269 -660 -40 -195 -129 -388
267 -664 -46 -188 -123 -426
267 -667 -53 -191 -126 -447
266 -679 -66 -192 -132 -498
264 -668 -68 -192 -133 -517
267 -663 -68 -199 -140 -530
268 -664 -68 -201 -141 -509
269 -665 -68 -202 -141 -480
269 -666 -66 -205 -144 -453
274 -657 -59 -208 -140 -420
275 -655 -57 -211 -143 -387
272 -655 -53 -210 -147 -357
272 -666 -49 -213 -148 -344
273 -669 -46 -215 -147 -336
274 -663 -42 -216 -145 -332
274 -660 -40 -218 -145 -333
270 -669 -39 -215 -141 -351
271 -669 -39 -219 -135 -390
273 -662 -41 -217 -136 -411
273 -664 -44 -214 -141 -442
270 -667 -48 -214 -145 -472
268 -668 -51 -209 -146 -495
267 -668 -54 -208 -145 -518
265 -667 -57 -207 -147 -533
265 -667 -59 -204 -148 -548
265 -666 -60 -203 -149 -551
265 -667 -60 -203 -149 -551
265 -682 -63 -200 -150 -542
265 -683 -62 -197 -148 -517
264 -684 -59 -197 -144 -488
264 -685 -53 -195 -137 -458
265 -666 -44 -197 -140 -420
266 -656 -38 -201 -138 -392
268 -652 -30 -205 -144 -336
270 -653 -27 -208 -143 -325
270 -653 -25 -207 -143 -321
267 -658 -25 -208 -143 -320
269 -656 -25 -208 -142 -326
269 -655 -24 -220 -129 -368
271 -654 -23 -206 -142 -393
270 -653 -23 -201 -150 -438
271 -652 -24 -202 -155 -467
273 -651 -25 -194 -158 -496
272 -648 -28 -191 -161 -520
271 -646 -29 -190 -162 -538
272 -645 -31 -188 -162 -545
271 -644 -31 -187 -161 -546
271 -644 -31 -183 -152 -527
271 -643 -30 -180 -144 -503
270 -643 -30 -186 -143 -477
269 -643 -29 -187 -147 -447
268 -643 -28 -188 -154 -415
268 -643 -28 -188 -158 -397
269 -644 -27 -192 -206 -372
269 -645 -26 -202 -177 -368
269 -645 -26 -201 -176 -365
268 -646 -26 -203 -176 -365
268 -646 -26 -195 -224 -361
267 -646 -26 -196 -223 -361
267 -646 -28 -196 -220 -365
267 -655 -30 -196 -196 -382
266 -658 -31 -187 -164 -397
266 -663 -33 -181 -157 -414
267 -665 -34 -177 -157 -436
268 -666 -35 -170 -157 -462
268 -667 -36 -162 -156 -490
271 -670 -35 -154 -161 -504
271 -671 -37 -158 -160 -530
270 -671 -39 -158 -160 -533
272 -666 -37 -157 -161 -531
273 -667 -37 -151 -161 -518
273 -663 -34 -146 -163 -487
274 -662 -33 -150 -160 -467
272 -658 -32 -151 -164 -427
273 -655 -30 -154 -169 -406
272 -653 -29 -168 -166 -389
271 -650 -27 -173 -199 -350
271 -649 -26 -177 -204 -345
270 -647 -24 -182 -206 -339
269 -647 -24 -205 -202 -333
270 -648 -28 -217 -182 -357
269 -649 -33 -216 -158 -385
267 -648 -40 -219 -159 -402
266 -648 -49 -223 -165 -441
262 -648 -57 -228 -183 -469
260 -647 -62 -228 -190 -491
259 -647 -65 -227 -185 -530
259 -646 -67 -226 -182 -546
257 -647 -69 -225 -184 -565
257 -647 -71 -223 -184 -578
256 -646 -72 -222 -184 -583
255 -646 -67 -222 -184 -586
256 -645 -63 -217 -178 -582
257 -645 -58 -210 -169 -567
259 -645 -51 -200 -161 -533
259 -645 -47 -194 -149 -500
260 -646 -41 -190 -137 -469
262 -665 -39 -180 -144 -424
262 -664 -37 -173 -142 -392
262 -666 -34 -169 -138 -362
262 -667 -31 -167 -146 -326
262 -649 -23 -168 -157 -309
263 -649 -23 -170 -160 -309
263 -648 -24 -176 -147 -323
264 -649 -26 -180 -142 -340
263 -647 -29 -184 -143 -382
260 -645 -39 -190 -161 -497
261 -643 -42 -185 -175 -553
262 -642 -41 -184 -175 -554
261 -641 -38 -183 -175 -553
261 -663 -37 -180 -176 -534
260 -640 -25 -176 -174 -501
267 -649 -4 -167 -170 -440
266 -644 3 -171 -182 -414
272 -659 10 -183 -203 -362
270 -637 5 -177 -170 -415
266 -636 -2 -179 -166 -449
264 -637 -10 -183 -170 -488
262 -636 -14 -182 -174 -521
262 -637 -16 -180 -175 -550
262 -637 -19 -180 -179 -569
261 -638 -21 -177 -182 -585
261 -637 -20 -174 -180 -593
258 -640 -17 -161 -150 -556
260 -640 -8 -161 -139 -527
264 -664 -4 -157 -137 -478
266 -666 5 -147 -135 -439
269 -665 20 -131 -124 -363
270 -664 26 -131 -124 -358
268 -663 31 -137 -139 -345
266 -641 39 -138 -142 -342
268 -649 47 -146 -156 -409
269 -645 46 -150 -156 -457
267 -645 46 -154 -163 -476
272 -663 39 -157 -174 -509
271 -663 35 -159 -178 -525
270 -643 33 -163 -180 -553
269 -643 26 -165 -182 -563
267 -643 18 -166 -185 -572
265 -642 13 -167 -185 -573
264 -643 10 -166 -186 -572
261 -642 -1 -163 -183 -558
262 -641 -5 -157 -176 -529
263 -642 -5 -157 -166 -500
263 -641 -10 -143 -161 -448
263 -641 -10 -142 -164 -426
262 -641 -10 -146 -162 -393
262 -640 -9 -153 -144 -364
262 -640 -9 -155 -143 -355
262 -640 -8 -159 -145 -345
261 -639 -8 -162 -144 -342
263 -639 -7 -163 -141 -341
264 -639 -5 -125 -139 -449
264 -639 -4 -170 -137 -369
266 -640 -5 -172 -141 -411
267 -640 -6 -173 -142 -436
268 -641 -11 -180 -146 -477
273 -644 -22 -179 -169 -540
273 -644 -25 -179 -173 -556
274 -643 -28 -175 -176 -569
273 -643 -29 -174 -177 -569
272 -643 -29 -171 -176 -564
273 -643 -29 -169 -167 -546
273 -643 -29 -163 -155 -512
274 -643 -29 -161 -146 -481
272 -643 -28 -146 -137 -436
273 -644 -25 -147 -130 -418
272 -644 -21 -148 -132 -388
272 -642 -18 -149 -141 -377
271 -642 -13 -148 -145 -369
272 -669 -14 -149 -145 -367
272 -641 -5 -150 -141 -366
275 -668 -8 -150 -137 -379
275 -668 -8 -151 -138 -404
274 -668 -8 -155 -143 -448
275 -668 -9 -164 -148 -482
272 -641 -5 -165 -153 -501
273 -641 -8 -166 -161 -532
274 -642 -9 -166 -167 -550
275 -641 -13 -167 -173 -565
274 -641 -17 -171 -176 -576
273 -641 -21 -171 -177 -583
276 -667 -31 -171 -177 -586
275 -668 -35 -171 -178 -588
276 -667 -36 -170 -175 -585
282 -668 -35 -161 -168 -564
287 -672 -37 -150 -155 -514
285 -672 -38 -149 -150 -488
281 -671 -44 -139 -142 -430
285 -670 -46 -139 -117 -363
286 -670 -47 -141 -126 -353
285 -669 -50 -140 -114 -348
285 -669 -51 -143 -102 -353
286 -668 -53 -144 -92 -363
285 -667 -56 -146 -90 -390
287 -662 -61 -155 -110 -489
288 -663 -62 -157 -130 -536
289 -648 -61 -163 -154 -586
291 -648 -60 -161 -155 -587
292 -648 -59 -161 -157 -585
293 -647 -57 -159 -157 -576
294 -648 -54 -157 -155 -554
293 -647 -52 -159 -153 -533
290 -645 -50 -164 -143 -512
289 -646 -48 -159 -129 -485
289 -646 -47 -156 -123 -457
289 -645 -46 -155 -118 -424
287 -644 -44 -157 -108 -399
286 -644 -44 -157 -97 -378
287 -644 -43 -160 -94 -366
286 -644 -45 -158 -91 -354
282 -643 -48 -161 -90 -351
278 -643 -51 -165 -90 -351
277 -642 -58 -166 -96 -355
273 -642 -67 -170 -106 -379
268 -640 -74 -174 -112 -405
262 -639 -79 -181 -112 -438
257 -639 -85 -187 -112 -464
251 -638 -89 -194 -118 -496
247 -639 -93 -201 -122 -521
244 -639 -95 -206 -128 -537
242 -639 -95 -210 -133 -550
241 -641 -92 -213 -136 -555
242 -641 -87 -215 -137 -557
242 -644 -82 -217 -138 -557
243 -647 -79 -216 -137 -551
243 -646 -75 -210 -128 -530
241 -647 -69 -203 -125 -500
243 -645 -62 -195 -117 -477
245 -647 -54 -178 -110 -412
250 -660 -48 -174 -106 -384
249 -663 -41 -175 -105 -366
248 -655 -34 -173 -103 -347
250 -657 -32 -171 -106 -333
250 -661 -30 -170 -106 -329
252 -662 -34 -173 -106 -330
257 -652 -38 -182 -92 -348
257 -653 -39 -184 -99 -363
253 -654 -42 -201 -102 -413
251 -654 -49 -211 -101 -451
253 -652 -52 -214 -103 -488
251 -646 -61 -218 -106 -518
244 -653 -73 -226 -110 -552
242 -655 -78 -227 -112 -567
241 -655 -86 -232 -116 -582
238 -655 -93 -233 -119 -585
235 -649 -97 -233 -119 -585
234 -647 -99 -232 -117 -579
235 -643 -99 -223 -107 -548
234 -642 -99 -217 -98 -516
233 -642 -98 -210 -82 -485
234 -640 -94 -207 -78 -447
235 -638 -84 -201 -87 -408
236 -637 -78 -198 -88 -381
239 -637 -71 -197 -90 -362
254 -640 -46 -204 -91 -361
262 -648 -44 -203 -78 -455
263 -648 -44 -209 -84 -486
266 -646 -47 -208 -97 -537
265 -643 -53 -209 -115 -578
265 -640 -54 -201 -91 -504
264 -640 -53 -192 -81 -471
265 -641 -53 -184 -72 -444
265 -639 -52 -180 -68 -403
265 -639 -52 -178 -60 -374
266 -639 -51 -174 -50 -352
266 -640 -50 -173 -47 -336
267 -640 -49 -175 -54 -324
266 -641 -48 -177 -56 -322
267 -641 -47 -178 -55 -322
267 -641 -46 -184 -52 -328
268 -641 -46 -189 -51 -345
268 -641 -47 -196 -57 -381
267 -640 -48 -194 -79 -404
267 -641 -51 -200 -73 -444
267 -640 -51 -208 -87 -467
268 -640 -54 -210 -98 -489
268 -640 -56 -213 -108 -511
267 -639 -58 -216 -116 -528
268 -639 -59 -219 -121 -540
268 -639 -61 -222 -127 -545
267 -639 -63 -226 -132 -549
266 -638 -64 -227 -133 -549
265 -637 -65 -227 -133 -542
266 -637 -65 -222 -127 -517
267 -637 -63 -215 -115 -492
268 -637 -57 -203 -105 -426
272 -640 -48 -192 -104 -366
272 -640 -44 -192 -102 -344
271 -639 -40 -192 -101 -328
271 -639 -40 -193 -101 -322
270 -639 -40 -194 -103 -320
271 -639 -40 -195 -104 -320
270 -640 -40 -198 -104 -329
270 -640 -43 -198 -104 -350
270 -641 -46 -201 -104 -387
266 -641 -52 -203 -91 -413
266 -640 -60 -200 -93 -449
271 -640 -69 -201 -90 -480
272 -641 -77 -206 -100 -499
271 -643 -98 -212 -114 -537
271 -643 -102 -214 -119 -546
270 -643 -106 -220 -124 -552
268 -644 -109 -227 -131 -556
265 -644 -112 -234 -136 -556
263 -644 -114 -239 -142 -547
262 -643 -114 -239 -140 -501
260 -644 -114 -228 -125 -461
259 -645 -112 -225 -118 -428
260 -647 -96 -215 -96 -311
261 -647 -92 -212 -94 -299
262 -647 -89 -212 -94 -296
263 -646 -87 -211 -93 -295
265 -648 -87 -214 -95 -304
267 -648 -88 -218 -97 -331
265 -645 -106 -251 -128 -475
264 -644 -109 -253 -134 -497
262 -643 -114 -259 -147 -534
257 -645 -106 -207 -115 -453
258 -644 -100 -204 -106 -425
260 -643 -91 -197 -92 -384
267 -644 -61 -194 -69 -314
271 -646 -59 -195 -67 -312
273 -646 -55 -199 -69 -309
273 -645 -55 -200 -70 -310
274 -646 -56 -205 -79 -325
274 -648 -61 -209 -87 -349
273 -648 -68 -213 -79 -398
270 -644 -78 -216 -91 -417
266 -642 -87 -226 -109 -464
264 -642 -92 -232 -116 -484
263 -643 -98 -237 -128 -511
260 -642 -102 -245 -139 -530
257 -643 -106 -248 -147 -541
255 -641 -109 -249 -154 -545
252 -642 -110 -249 -157 -547
249 -642 -110 -249 -158 -543
247 -642 -109 -243 -151 -523
246 -642 -108 -233 -136 -495
246 -642 -105 -224 -123 -466
247 -641 -98 -219 -111 -428
250 -642 -90 -211 -101 -401
251 -641 -79 -206 -91 -367
254 -643 -69 -200 -70 -340
257 -641 -63 -199 -63 -322
258 -641 -60 -204 -70 -312
264 -641 -56 -202 -61 -298
267 -643 -53 -200 -59 -293
282 -641 -58 -194 -65 -352
284 -639 -64 -204 -78 -401
283 -641 -69 -211 -96 -434
278 -642 -81 -229 -114 -479
275 -644 -89 -240 -134 -510
269 -642 -95 -245 -146 -527
266 -643 -100 -251 -161 -544
263 -641 -105 -256 -169 -549
263 -640 -108 -256 -172 -550
261 -640 -109 -256 -172 -546
261 -639 -110 -250 -162 -527
260 -639 -110 -242 -145 -492
260 -639 -109 -228 -134 -458
262 -639 -103 -216 -102 -424
262 -640 -96 -207 -95 -398
264 -640 -90 -201 -78 -358
268 -642 -79 -197 -82 -346
269 -641 -73 -192 -82 -320
271 -640 -67 -198 -68 -304
273 -641 -60 -192 -63 -291
278 -643 -56 -192 -62 -290
281 -644 -52 -182 -81 -292
282 -645 -48 -184 -73 -300
283 -645 -47 -194 -30 -325
282 -645 -46 -187 -63 -363
283 -645 -45 -197 -62 -391
283 -647 -45 -209 -89 -480
278 -645 -50 -224 -121 -533
277 -645 -51 -228 -129 -559
274 -644 -54 -231 -134 -570
272 -644 -56 -232 -138 -574
271 -643 -58 -232 -138 -575
270 -643 -59 -230 -134 -566
270 -643 -59 -219 -122 -534
270 -643 -57 -209 -109 -501
270 -643 -57 -186 -87 -461
269 -642 -57 -182 -75 -420
269 -642 -53 -180 -66 -390
269 -642 -50 -180 -38 -347
268 -642 -48 -182 -37 -327
269 -644 -45 -171 -51 -307
268 -645 -43 -173 -64 -303
270 -645 -40 -147 -25 -351
270 -645 -39 -159 -23 -355
270 -644 -36 -159 -22 -360
272 -645 -34 -160 -21 -373
275 -646 -33 -162 -16 -396
278 -647 -34 -171 -41 -387
279 -647 -34 -176 -47 -431
280 -647 -35 -181 -45 -474
282 -648 -36 -184 -74 -505
284 -649 -38 -189 -81 -525
284 -649 -40 -194 -91 -552
283 -648 -41 -195 -96 -559
279 -647 -44 -202 -99 -566
279 -646 -46 -202 -102 -567
278 -646 -47 -203 -103 -565
278 -647 -48 -201 -99 -551
277 -647 -48 -196 -88 -519
278 -647 -48 -188 -71 -494
278 -647 -48 -178 -59 -458
278 -647 -47 -172 -50 -427
278 -645 -46 -171 -38 -392
277 -645 -46 -168 -29 -363
277 -645 -44 -164 -29 -335
275 -645 -43 -160 -98 -317
273 -645 -43 -163 -74 -308
273 -645 -42 -162 -71 -304
271 -646 -42 -158 -83 -307
272 -646 -43 -154 -15 -351
272 -647 -44 -156 -10 -365
275 -648 -44 -174 -32 -360
275 -649 -45 -172 -39 -397
276 -649 -47 -179 -38 -443
278 -649 -48 -183 -48 -474
280 -649 -48 -192 -59 -509
280 -648 -51 -199 -80 -532
279 -648 -53 -201 -92 -550
277 -648 -54 -209 -97 -562
277 -647 -55 -211 -102 -565
277 -647 -55 -211 -105 -564
277 -648 -55 -210 -107 -559
278 -648 -54 -207 -104 -538
278 -648 -54 -202 -96 -511
279 -648 -52 -193 -85 -479
279 -649 -52 -184 -86 -430
280 -650 -49 -182 -83 -408
280 -658 -46 -177 -93 -367
278 -656 -45 -181 -100 -347
278 -656 -44 -173 -125 -309
278 -654 -42 -175 -124 -303
277 -653 -42 -177 -124 -300
274 -649 -42 -179 -125 -299
273 -648 -43 -183 -127 -304
272 -646 -44 -188 -107 -329
272 -644 -45 -189 -76 -359
271 -644 -46 -185 -78 -393
270 -643 -48 -185 -78 -439
269 -644 -48 -200 -76 -483
268 -644 -49 -205 -85 -513
267 -645 -51 -208 -96 -553
266 -646 -52 -211 -103 -568
267 -647 -51 -215 -120 -585
267 -647 -51 -214 -125 -584
267 -647 -50 -213 -127 -580
266 -647 -50 -207 -131 -560
267 -647 -47 -199 -130 -527
268 -648 -43 -198 -129 -506
267 -646 -36 -191 -124 -469
270 -647 -30 -182 -127 -442
267 -647 -25 -183 -118 -422
269 -647 -21 -177 -117 -394
269 -647 -17 -176 -114 -380
267 -645 -15 -169 -131 -363
264 -644 -14 -172 -132 -360
262 -643 -16 -173 -131 -361
262 -642 -15 -172 -131 -362
261 -643 -19 -181 -78 -382
263 -644 -23 -179 -80 -392
264 -646 -26 -177 -81 -417
264 -646 -31 -181 -80 -454
263 -645 -34 -183 -82 -478
265 -645 -37 -184 -87 -509
269 -645 -39 -187 -90 -540
269 -646 -42 -193 -91 -559
271 -647 -44 -203 -90 -598
268 -645 -47 -216 -105 -614
268 -646 -48 -216 -106 -608
268 -646 -48 -211 -103 -576
269 -645 -47 -204 -98 -544
270 -645 -44 -196 -96 -514
270 -644 -40 -186 -87 -478
270 -644 -38 -177 -88 -450
268 -646 -36 -175 -87 -429
269 -647 -33 -172 -85 -408
266 -646 -32 -172 -79 -402
265 -646 -31 -172 -79 -401
265 -646 -31 -169 -78 -403
264 -645 -32 -167 -78 -414
264 -647 -35 -169 -80 -447
265 -648 -39 -174 -83 -477
265 -649 -43 -171 -84 -510
263 -647 -49 -172 -64 -555
267 -650 -55 -170 -64 -574
266 -654 -61 -176 -67 -600
266 -653 -63 -178 -70 -612
266 -652 -66 -180 -76 -627
266 -651 -66 -184 -80 -632
267 -651 -67 -183 -81 -632
269 -653 -66 -183 -80 -622
275 -654 -64 -173 -68 -572
266 -646 -9 -166 -23 -347
269 -644 -9 -166 -32 -389
270 -642 -11 -165 -25 -428
272 -642 -16 -165 -33 -466
276 -644 -18 -165 -51 -508
280 -646 -25 -171 -58 -546
280 -646 -28 -169 -73 -575
278 -644 -36 -176 -84 -600
276 -644 -40 -180 -98 -611
274 -643 -44 -183 -106 -617
274 -643 -45 -184 -111 -619
273 -642 -47 -185 -113 -617
270 -642 -48 -184 -112 -609
269 -641 -50 -179 -106 -583
269 -641 -51 -172 -100 -546
268 -641 -50 -169 -88 -512
267 -642 -48 -166 -73 -480
266 -642 -46 -157 -62 -431
267 -642 -44 -154 -59 -409
265 -641 -40 -153 -55 -377
268 -644 -35 -157 -33 -356
269 -643 -34 -156 -30 -347
273 -644 -31 -154 -27 -341
274 -643 -30 -153 -26 -340
277 -645 -29 -155 -25 -346
278 -645 -29 -153 -14 -363
281 -645 -30 -154 -17 -399
283 -645 -34 -159 -22 -439
285 -645 -35 -163 -31 -478
285 -644 -37 -164 -41 -507
286 -643 -40 -168 -52 -549
287 -644 -43 -173 -62 -567
286 -646 -47 -181 -77 -595
286 -648 -53 -188 -91 -614
285 -647 -53 -190 -102 -618
284 -647 -54 -193 -111 -619
284 -647 -54 -193 -112 -618
283 -648 -54 -194 -112 -614
283 -647 -54 -188 -101 -592
285 -647 -52 -179 -84 -563
285 -646 -49 -172 -67 -532
288 -646 -46 -164 -45 -493
289 -648 -43 -160 -32 -463
288 -648 -41 -151 -42 -411
291 -649 -39 -148 -40 -396
287 -646 -31 -149 -27 -343
288 -647 -30 -145 -27 -348
288 -645 -29 -146 -12 -397
290 -650 -29 -142 -26 -422
290 -647 -30 -149 -30 -479
289 -646 -31 -146 -40 -502
289 -646 -33 -153 -49 -547
289 -644 -35 -155 -59 -568
289 -645 -36 -166 -72 -595
287 -646 -39 -170 -79 -608
286 -646 -40 -177 -90 -616
284 -646 -41 -183 -103 -617
283 -646 -42 -186 -104 -617
282 -646 -41 -186 -106 -611
282 -646 -40 -180 -103 -587
280 -646 -37 -176 -96 -557
279 -646 -32 -174 -89 -523
279 -647 -29 -168 -74 -479
277 -645 -23 -167 -74 -455
276 -645 -20 -163 -71 -419
276 -647 -17 -163 -70 -401
276 -647 -14 -164 -72 -386
276 -648 -13 -164 -70 -376
274 -648 -11 -165 -68 -370
274 -649 -12 -168 -53 -394
276 -648 -18 -175 -64 -465
278 -647 -25 -168 -58 -542
280 -646 -27 -168 -65 -572
280 -646 -29 -176 -73 -603
283 -647 -30 -177 -79 -612
284 -647 -30 -179 -84 -612
284 -647 -34 -182 -86 -610
285 -648 -34 -184 -85 -596
285 -648 -35 -180 -83 -559
284 -649 -32 -169 -52 -396
283 -649 -31 -174 -61 -350
279 -646 -24 -188 -39 -318
277 -645 -23 -190 -122 -266
276 -644 -53 -207 -129 -526
275 -645 -54 -209 -144 -532
275 -644 -56 -209 -148 -533
274 -644 -57 -210 -153 -526
274 -643 -57 -206 -149 -509
274 -643 -57 -202 -140 -478
272 -642 -55 -200 -131 -445
273 -641 -52 -204 -113 -398
273 -641 -51 -203 -127 -363
276 -643 -46 -190 -50 -345
277 -645 -44 -213 -124 -263
276 -644 -42 -190 -44 -318
275 -643 -42 -191 -44 -317
276 -643 -41 -216 -126 -251
275 -640 -42 -216 -125 -252
274 -639 -42 -184 -46 -321
273 -639 -42 -209 -121 -274
273 -639 -43 -193 -123 -304
274 -639 -44 -182 -88 -331
276 -640 -45 -171 -71 -372
279 -638 -48 -175 -52 -425
285 -639 -49 -183 -74 -482
286 -639 -49 -184 -97 -519
286 -639 -50 -185 -110 -540
283 -639 -51 -189 -115 -547
281 -639 -52 -191 -117 -545
281 -639 -52 -193 -113 -519
280 -639 -52 -191 -106 -466
280 -639 -52 -188 -100 -420
279 -639 -49 -187 -89 -363
276 -639 -45 -192 -117 -320
276 -640 -42 -177 -71 -360
274 -639 -39 -194 -132 -266
275 -639 -37 -173 -63 -345
275 -638 -35 -195 -132 -261
274 -638 -34 -198 -122 -256
274 -638 -34 -201 -121 -266
274 -638 -33 -202 -118 -290
275 -636 -33 -202 -117 -325
275 -636 -35 -197 -120 -368
275 -637 -37 -211 -91 -412
275 -637 -39 -213 -108 -454
276 -636 -39 -210 -117 -505
275 -636 -42 -212 -128 -541
276 -653 -48 -216 -141 -570
277 -651 -49 -219 -150 -577
276 -636 -46 -220 -153 -577
278 -651 -51 -218 -151 -571
278 -651 -52 -209 -131 -540
277 -651 -52 -207 -119 -490
277 -653 -53 -199 -106 -447
277 -637 -48 -189 -103 -398
278 -653 -52 -189 -109 -353
277 -653 -51 -189 -114 -313
278 -653 -49 -192 -106 -294
278 -653 -48 -197 -72 -247
278 -653 -46 -188 -123 -256
278 -653 -46 -191 -121 -257
279 -652 -44 -193 -140 -273
280 -652 -44 -203 -106 -274
280 -652 -44 -197 -108 -283
281 -652 -45 -190 -77 -302
281 -652 -45 -194 -68 -332
281 -637 -42 -186 -59 -373
282 -637 -44 -189 -60 -416
283 -638 -46 -187 -70 -467
284 -649 -50 -189 -83 -497
284 -638 -47 -190 -95 -527
284 -648 -52 -192 -104 -548
283 -638 -51 -194 -112 -556
283 -638 -52 -197 -117 -561
281 -637 -54 -200 -119 -561
280 -637 -55 -203 -122 -546
279 -648 -58 -206 -118 -514
280 -634 -52 -204 -101 -356
281 -629 -48 -196 -117 -305
279 -624 -46 -197 -126 -288
279 -620 -43 -193 -113 -259
275 -614 -40 -229 -59 -233
269 -607 -38 -234 -53 -231
265 -602 -32 -236 -50 -227
258 -597 -23 -240 -46 -223
256 -625 -19 -243 -42 -221
253 -629 -9 -234 -66 -242
249 -633 4 -236 -15 -263
241 -634 19 -242 -16 -278
236 -632 24 -240 -13 -339
235 -631 28 -245 -30 -391
232 -623 29 -247 -40 -442
232 -621 30 -255 -54 -487
234 -619 32 -256 -62 -504
233 -620 31 -255 -67 -510
232 -624 30 -252 -66 -505
232 -625 29 -232 -41 -459
233 -625 26 -222 -30 -408
232 -627 21 -216 -22 -355
231 -629 21 -229 -13 -306
228 -633 19 -249 -30 -262
209 -593 13 -230 -89 -408
209 -593 14 -218 -80 -417
210 -593 14 -254 29 -332
211 -592 15 -260 38 -362
205 -581 6 -242 -18 -523
205 -580 4 -242 -27 -543
204 -583 3 -244 -36 -551
203 -584 0 -245 -38 -551
203 -583 -2 -245 -36 -539
202 -582 -2 -240 -25 -495
203 -584 -3 -239 -14 -450
204 -587 0 -259 20 -308
203 -588 0 -263 22 -268
203 -586 0 -230 -33 -393
203 -587 1 -254 24 -339
204 -588 2 -248 13 -339
205 -588 3 -272 -37 -385
209 -587 5 -244 24 -327
215 -585 5 -235 26 -359
221 -587 -9 -213 10 -494
220 -589 -14 -215 -15 -555
219 -588 -15 -221 -24 -568
217 -590 -18 -225 -30 -572
217 -590 -18 -228 -33 -561
217 -590 -19 -228 -30 -519
217 -590 -20 -233 -23 -484
215 -594 -20 -226 -10 -432
216 -596 -21 -229 -16 -380
215 -598 -22 -248 17 -338
216 -601 -21 -244 -45 -296
217 -606 -22 -258 -43 -280
219 -610 -20 -262 -54 -260
219 -612 -18 -259 -74 -255
222 -615 -18 -258 -73 -254
224 -620 -19 -257 -73 -260
226 -621 -21 -255 -67 -281
231 -623 -22 -245 -60 -310
239 -636 -25 -232 -57 -335
244 -636 -28 -217 -50 -371
247 -634 -29 -202 -44 -403
250 -634 -32 -195 -49 -429
252 -634 -36 -192 -40 -461
271 -641 -48 -175 -34 -560
277 -641 -63 -181 -47 -571
276 -643 -74 -189 -74 -493
271 -643 -79 -194 -108 -364
269 -641 -78 -205 -120 -299
269 -641 -76 -212 -116 -272
279 -648 -78 -186 -56 -330
280 -646 -81 -188 -21 -371
282 -645 -83 -180 -28 -391
285 -642 -86 -177 -21 -443
288 -636 -87 -180 -26 -474
288 -637 -87 -178 -30 -503
288 -637 -87 -181 -37 -528
285 -636 -87 -187 -45 -548
285 -637 -84 -190 -51 -555
285 -638 -79 -193 -54 -557
285 -638 -72 -196 -61 -553
290 -640 -64 -194 -63 -537
291 -640 -59 -193 -68 -505
291 -639 -53 -190 -51 -474
294 -640 -49 -185 -65 -438
293 -641 -43 -185 -67 -403
295 -640 -38 -179 -67 -357
296 -640 -32 -179 -77 -344
299 -640 -27 -179 -112 -310
298 -639 -23 -180 -113 -298
298 -637 -20 -157 -51 -317
298 -636 -20 -155 -56 -308
297 -635 -19 -182 -127 -271
294 -635 -24 -179 -118 -285
293 -634 -31 -170 -102 -305
292 -634 -38 -177 -68 -338
293 -634 -46 -165 -26 -390
293 -634 -51 -168 -43 -403
289 -633 -61 -164 -46 -439
288 -633 -64 -164 -42 -481
286 -633 -67 -162 -47 -499
285 -632 -70 -161 -60 -521
284 -632 -70 -159 -69 -526
283 -633 -70 -164 -79 -535
283 -632 -68 -166 -84 -538
282 -631 -64 -167 -87 -538
280 -632 -59 -172 -94 -534
280 -632 -50 -175 -102 -521
280 -633 -43 -176 -107 -509
282 -635 -37 -177 -104 -492
285 -636 -30 -173 -87 -466
287 -636 -18 -175 -75 -439
288 -635 -13 -176 -68 -411
288 -637 -11 -177 -64 -376
290 -638 -4 -176 -63 -353
290 -638 -2 -187 -116 -297
292 -638 -4 -184 -117 -293
292 -637 -12 -163 -63 -315
291 -636 -17 -170 -39 -284
284 -634 -29 -163 -75 -356
280 -634 -35 -161 -29 -311
279 -634 -41 -161 -26 -320
278 -633 -45 -174 -65 -319
277 -633 -50 -172 -60 -357
288 -633 -54 -161 -60 -493
287 -632 -55 -161 -63 -523
289 -640 -28 -174 -88 -515
289 -639 -17 -169 -74 -465
293 -644 -8 -170 -78 -429
291 -648 -1 -171 -81 -387
292 -648 8 -176 -82 -349
295 -648 16 -182 -98 -327
295 -648 18 -191 -103 -303
294 -648 19 -197 -105 -289
294 -648 19 -196 -117 -284
294 -647 18 -195 -119 -282
294 -647 16 -195 -119 -282
289 -644 9 -196 -119 -282
287 -641 5 -192 -116 -293
284 -639 -3 -177 -123 -334
284 -641 -14 -176 -68 -348
283 -641 -19 -176 -64 -378
288 -645 -27 -168 -58 -416
283 -642 -47 -182 -113 -564
280 -642 -48 -183 -122 -569
278 -642 -49 -185 -126 -569
276 -641 -50 -189 -128 -564
275 -642 -49 -187 -126 -544
274 -641 -44 -187 -121 -512
274 -644 -39 -189 -113 -488
276 -644 -28 -185 -108 -447
279 -644 -13 -186 -103 -413
281 -644 -1 -191 -100 -378
282 -645 9 -196 -98 -348
284 -647 17 -199 -96 -315
281 -642 24 -207 -115 -295
279 -640 29 -205 -98 -276
279 -640 32 -206 -106 -266
279 -640 34 -205 -98 -257
281 -640 36 -190 -46 -276
283 -640 36 -186 -42 -279
282 -640 31 -183 -118 -263
286 -642 18 -170 -38 -291
284 -646 1 -179 -117 -288
284 -644 -3 -174 -108 -306
289 -645 -9 -176 -59 -335
285 -643 -17 -175 -66 -381
286 -641 -22 -174 -54 -423
285 -641 -35 -190 -116 -536
